Rspeed Rref Lspeed Lref Time
0.0 0.0 -0.0 0.0 0.001000
11.4 0.0 -8.8 0.0 0.013000
16.7 0.0 -6.1 0.0 0.024000
16.7 0.0 -13.1 0.0 0.035000
10.5 0.0 -18.4 0.0 0.047000
13.1 0.0 -7.9 0.0 0.058000
12.3 0.0 -16.7 0.0 0.070000
8.8 0.0 -21.0 0.0 0.081000
7.9 0.0 -12.3 0.0 0.093000
7.9 0.0 -9.6 0.0 0.104000
7.9 0.0 -13.1 0.0 0.116000
7.9 0.0 -8.8 0.0 0.127000
8.8 0.0 -2.6 0.0 0.139000
8.8 0.0 0.9 0.0 0.150000
7.9 0.0 -1.8 0.0 0.162000
7.9 0.0 -5.3 0.0 0.173000
7.0 0.0 -0.0 0.0 0.185000
7.9 0.0 0.9 0.0 0.196000
8.8 0.0 0.9 0.0 0.208000
7.9 0.0 1.8 0.0 0.219000
7.9 0.0 1.8 0.0 0.231000
7.0 0.0 2.6 0.0 0.242000
6.1 0.0 2.6 0.0 0.254000
7.0 0.0 1.8 0.0 0.265000
7.0 0.0 1.8 0.0 0.277000
0.0 0.0 -2.6 0.0 0.288000
0.9 0.0 1.8 0.0 0.300000
4.4 0.0 2.6 0.0 0.311000
5.3 0.0 2.6 0.0 0.323000
-8.8 0.0 9.6 0.0 0.334000
-6.1 0.0 7.0 0.0 0.346000
-4.4 0.0 5.3 0.0 0.358000
0.9 0.0 -0.0 0.0 0.369000
0.9 0.0 -0.0 0.0 0.380000
0.9 0.0 -1.8 0.0 0.392000
7.0 0.0 2.6 0.0 0.403000
-0.9 0.0 -7.0 0.0 0.415000
3.5 0.0 2.6 0.0 0.427000
-3.5 0.0 6.1 0.0 0.438000
-5.3 0.0 7.0 0.0 0.450000
0.0 0.0 -1.8 0.0 0.461000
7.9 0.0 2.6 0.0 0.473000
-0.9 0.0 -8.8 0.0 0.484000
1.8 0.0 3.5 0.0 0.496000
-2.6 0.0 7.0 0.0 0.507000
-5.3 0.0 4.4 0.0 0.519000
0.0 0.0 -0.0 0.0 0.530000
0.0 0.0 -0.9 0.0 0.542000
0.0 0.0 -0.0 0.0 0.553000
0.0 0.0 -0.9 0.0 0.565000
0.0 0.0 -0.9 0.0 0.576000
0.0 0.0 -0.9 0.0 0.588000
0.0 0.0 -0.9 0.0 0.599000
0.0 0.0 -0.0 0.0 0.611000
0.0 0.0 -0.0 0.0 0.622000
0.0 0.0 -0.0 0.0 0.634000
0.0 0.0 -0.9 0.0 0.645000
0.0 0.0 -0.0 0.0 0.657000
0.0 0.0 -0.0 0.0 0.668000
0.0 0.0 -0.0 0.0 0.680000
0.0 0.0 -0.9 0.0 0.692000
0.0 0.0 -2.6 0.0 0.703000
7.0 0.0 0.9 0.0 0.715000
-0.9 0.0 -8.8 0.0 0.726000
3.5 0.0 2.6 0.0 0.738000
-4.4 0.0 7.0 0.0 0.749000
-4.4 0.0 4.4 0.0 0.761000
0.0 0.0 -0.9 0.0 0.772000
0.9 0.0 -2.6 0.0 0.784000
7.0 0.0 2.6 0.0 0.795000
-1.8 0.0 -8.8 0.0 0.807000
3.5 0.0 1.8 0.0 0.818000
-2.6 0.0 6.1 0.0 0.830000
-5.3 0.0 3.5 0.0 0.841000
0.0 0.0 -2.6 0.0 0.853000
7.0 0.0 2.6 0.0 0.864000
-1.8 0.0 -7.0 0.0 0.876000
4.4 0.0 0.9 0.0 0.887000
-4.4 0.0 6.1 0.0 0.899000
-5.3 0.0 7.0 0.0 0.910000
1.8 0.0 -4.4 0.0 0.922000
7.0 0.0 2.6 0.0 0.933000
-0.9 0.0 -7.9 0.0 0.945000
0.9 0.0 2.6 0.0 0.956000
-4.4 0.0 6.1 0.0 0.968000
-6.1 0.0 4.4 0.0 0.980000
0.9 0.0 -1.8 0.0 0.991000
0.0 0.0 -2.6 0.0 1.003000
0.0 0.0 -2.6 0.0 1.014000
0.0 0.0 -0.9 0.0 1.026000
0.0 0.0 -1.8 0.0 1.037000
0.0 0.0 -0.9 0.0 1.049000
0.0 0.0 -0.0 0.0 1.060000
0.0 0.0 -1.8 0.0 1.072000
0.0 0.0 -0.0 0.0 1.083000
0.0 0.0 -1.8 0.0 1.095000
0.0 0.0 -0.9 0.0 1.106000
0.0 0.0 -0.9 0.0 1.118000
0.0 0.0 -0.9 0.0 1.129000
0.0 0.0 -0.9 0.0 1.141000
0.0 0.0 -0.9 0.0 1.152000
0.0 0.0 -0.9 0.0 1.164000
0.0 0.0 -0.0 0.0 1.175000
0.0 0.0 -1.8 0.0 1.187000
6.1 0.0 2.6 0.0 1.199000
-1.8 0.0 -7.9 0.0 1.210000
6.1 0.0 -0.0 0.0 1.222000
0.0 0.0 -7.0 0.0 1.233000
3.5 0.0 3.5 0.0 1.245000
-5.3 0.0 7.0 0.0 1.256000
-5.3 0.0 2.6 0.0 1.268000
0.9 0.0 -3.5 0.0 1.279000
7.0 0.0 2.6 0.0 1.291000
-1.8 0.0 -7.9 0.0 1.302000
0.0 0.0 1.8 0.0 1.314000
-4.4 0.0 6.1 0.0 1.325000
-5.3 0.0 3.5 0.0 1.337000
-0.9 0.0 -0.9 0.0 1.348000
0.0 0.0 -2.6 0.0 1.360000
6.1 0.0 1.8 0.0 1.371000
-0.9 0.0 -7.9 0.0 1.383000
1.8 0.0 2.6 0.0 1.394000
-4.4 0.0 5.3 0.0 1.406000
-4.4 0.0 -0.0 0.0 1.417000
0.0 0.0 -3.5 0.0 1.429000
6.1 0.0 3.5 0.0 1.440000
-1.8 0.0 -7.0 0.0 1.452000
5.3 0.0 1.8 0.0 1.463000
-1.8 0.0 -7.0 0.0 1.475000
1.8 0.0 1.8 0.0 1.486000
-3.5 0.0 5.3 0.0 1.498000
-6.1 0.0 6.1 0.0 1.509000
0.0 0.0 -1.8 0.0 1.521000
6.1 0.0 1.8 0.0 1.532000
0.0 0.0 -7.9 0.0 1.544000
2.6 0.0 1.8 0.0 1.555000
-3.5 0.0 5.3 0.0 1.567000
-5.3 0.0 5.3 0.0 1.578000
0.0 0.0 -1.8 0.0 1.590000
7.0 0.0 0.9 0.0 1.601000
-0.9 0.0 -7.0 0.0 1.613000
0.9 0.0 2.6 0.0 1.624000
-4.4 0.0 7.0 0.0 1.636000
-4.4 0.0 4.4 0.0 1.647000
0.9 0.0 -2.6 0.0 1.659000
7.0 0.0 1.8 0.0 1.670000
-1.8 0.0 -7.0 0.0 1.682000
0.9 0.0 1.8 0.0 1.693000
-2.6 0.0 6.1 0.0 1.705000
-5.3 0.0 6.1 0.0 1.716000
0.9 0.0 -6.1 0.0 1.728000
6.1 0.0 1.8 0.0 1.740000
-3.5 0.0 7.0 0.0 1.751000
-1.8 0.0 -0.0 0.0 1.763000
0.0 0.0 -1.8 0.0 1.774000
0.0 0.0 -2.6 0.0 1.786000
0.0 0.0 -3.5 0.0 1.797000
6.1 0.0 2.6 0.0 1.809000
-2.6 0.0 6.1 0.0 1.820000
-1.8 0.0 0.9 0.0 1.832000
-1.8 0.0 -0.0 0.0 1.843000
0.0 0.0 -1.8 0.0 1.855000
-0.9 0.0 3.5 0.0 1.866000
0.0 0.0 -0.0 0.0 1.878000
0.0 0.0 -2.6 0.0 1.889000
0.0 0.0 -1.8 0.0 1.901000
0.0 0.0 -1.8 0.0 1.912000
0.0 0.0 -2.6 0.0 1.924000
0.0 0.0 -3.5 0.0 1.935000
6.1 0.0 1.8 0.0 1.947000
-2.6 0.0 5.3 0.0 1.958000
-1.8 0.0 0.9 0.0 1.970000
0.0 0.0 -0.0 0.0 1.981000
0.0 0.0 -3.5 0.0 1.993000
5.3 0.0 1.8 0.0 2.004000
-3.5 0.0 5.3 0.0 2.016000
0.0 0.0 -3.5 0.0 2.027000
6.1 0.0 0.9 0.0 2.039000
-2.6 0.0 7.0 0.0 2.050000
0.0 0.0 -4.4 0.0 2.062000
6.1 0.0 2.6 0.0 2.073000
-0.9 0.0 -3.5 0.0 2.085000
-2.6 0.0 -0.0 0.0 2.096000
-0.9 0.0 -5.3 0.0 2.108000
6.1 0.0 1.8 0.0 2.119000
0.0 0.0 -7.9 0.0 2.131000
6.1 0.0 0.9 0.0 2.142000
0.0 0.0 -7.9 0.0 2.154000
1.8 0.0 2.6 0.0 2.165000
-5.3 0.0 7.9 0.0 2.177000
-5.3 0.0 3.5 0.0 2.188000
0.9 0.0 -0.9 0.0 2.200000
0.0 0.0 -0.9 0.0 2.211000
0.0 0.0 -0.9 0.0 2.223000
0.0 0.0 -1.8 0.0 2.234000
0.0 0.0 -0.9 0.0 2.246000
0.0 0.0 -0.9 0.0 2.257000
0.0 0.0 -0.0 0.0 2.269000
0.0 0.0 -0.9 0.0 2.280000
0.0 0.0 -0.9 0.0 2.292000
0.0 0.0 -0.0 0.0 2.303000
0.0 0.0 -0.9 0.0 2.315000
0.0 0.0 -0.0 0.0 2.326000
0.0 0.0 -2.6 0.0 2.338000
7.0 0.0 1.8 0.0 2.349000
-0.9 0.0 -6.1 0.0 2.361000
3.5 0.0 2.6 0.0 2.373000
-3.5 0.0 5.3 0.0 2.384000
-0.9 0.0 1.8 0.0 2.396000
0.0 0.0 -1.8 0.0 2.407000
0.0 0.0 -0.9 0.0 2.418000
0.0 0.0 -0.0 0.0 2.430000
0.0 0.0 -0.9 0.0 2.441000
0.0 0.0 -2.6 0.0 2.453000
7.0 0.0 3.5 0.0 2.464000
0.0 0.0 -6.1 0.0 2.476000
5.3 0.0 2.6 0.0 2.488000
-1.8 0.0 -7.0 0.0 2.499000
3.5 0.0 1.8 0.0 2.511000
0.0 0.0 -6.1 0.0 2.522000
0.9 0.0 0.9 0.0 2.533000
-4.4 0.0 6.1 0.0 2.545000
-4.4 0.0 6.1 0.0 2.556000
0.0 0.0 0.9 0.0 2.568000
0.0 0.0 -2.6 0.0 2.580000
6.1 0.0 -0.0 0.0 2.591000
-0.9 0.0 -7.9 0.0 2.602000
1.8 0.0 0.9 0.0 2.614000
-4.4 0.0 7.0 0.0 2.625000
-4.4 0.0 -0.9 0.0 2.637000
0.0 0.0 -2.6 0.0 2.648000
6.1 0.0 1.8 0.0 2.660000
-1.8 0.0 -7.0 0.0 2.671000
3.5 0.0 1.8 0.0 2.683000
0.0 0.0 -8.8 0.0 2.694000
3.5 0.0 1.8 0.0 2.706000
0.0 0.0 -7.9 0.0 2.717000
5.3 0.0 3.5 0.0 2.729000
0.0 0.0 -7.0 0.0 2.740000
0.0 0.0 2.6 0.0 2.752000
-3.5 0.0 5.3 0.0 2.763000
-6.1 0.0 7.9 0.0 2.775000
0.9 0.0 -4.4 0.0 2.786000
7.0 0.0 2.6 0.0 2.798000
-0.9 0.0 -10.5 0.0 2.809000
6.1 0.0 2.6 0.0 2.821000
-0.9 0.0 -7.9 0.0 2.832000
0.0 0.0 2.6 0.0 2.844000
-0.9 0.0 -8.8 0.0 2.855000
5.3 0.0 1.8 0.0 2.867000
-8.8 0.0 10.5 0.0 2.878000
-4.4 0.0 5.3 0.0 2.890000
1.8 0.0 -3.5 0.0 2.901000
-2.6 0.0 4.4 0.0 2.913000
0.9 0.0 -9.6 0.0 2.924000
6.1 0.0 1.8 0.0 2.936000
0.0 0.0 -9.6 0.0 2.947000
5.3 0.0 2.6 0.0 2.959000
-0.9 0.0 -8.8 0.0 2.970000
2.6 0.0 1.8 0.0 2.982000
-8.8 0.0 11.4 0.0 2.993000
-3.5 0.0 3.5 0.0 3.005000
1.8 0.0 -5.3 0.0 3.016000
-3.5 0.0 3.5 0.0 3.028000
3.5 0.0 -11.4 0.0 3.039000
-2.6 0.0 6.1 0.0 3.051000
0.9 0.0 -9.6 0.0 3.062000
6.1 0.0 0.9 0.0 3.074000
-5.3 0.0 10.5 0.0 3.085000
2.6 0.0 -4.4 0.0 3.097000
-1.8 0.0 2.6 0.0 3.108000
0.9 0.0 -7.9 0.0 3.120000
-1.8 0.0 0.9 0.0 3.131000
0.9 0.0 -0.0 0.0 3.143000
-6.1 0.0 10.5 0.0 3.154000
2.6 0.0 -9.6 0.0 3.166000
-3.5 0.0 5.3 0.0 3.177000
0.9 0.0 -7.9 0.0 3.189000
7.0 0.0 2.6 0.0 3.200000
-8.8 0.0 9.6 0.0 3.212000
0.9 0.0 -4.4 0.0 3.224000
5.3 0.0 0.9 0.0 3.235000
-7.0 0.0 12.3 0.0 3.247000
0.9 0.0 -7.0 0.0 3.258000
7.0 0.0 -0.0 0.0 3.270000
-6.1 0.0 10.5 0.0 3.281000
1.8 0.0 -4.4 0.0 3.293000
-7.0 0.0 7.0 0.0 3.304000
0.9 0.0 -10.5 0.0 3.316000
7.0 0.0 -0.0 0.0 3.327000
-8.8 0.0 10.5 0.0 3.339000
1.8 0.0 -5.3 0.0 3.350000
7.0 0.0 -0.0 0.0 3.362000
-8.8 0.0 10.5 0.0 3.373000
0.0 0.0 -0.9 0.0 3.385000
0.0 0.0 -0.9 0.0 3.396000
6.1 0.0 1.8 0.0 3.408000
0.0 0.0 -5.3 0.0 3.419000
2.6 0.0 -0.0 0.0 3.431000
0.0 0.0 -7.9 0.0 3.442000
2.6 0.0 1.8 0.0 3.454000
0.0 0.0 -8.8 0.0 3.465000
2.6 0.0 -0.0 0.0 3.477000
-8.8 0.0 11.4 0.0 3.488000
-0.9 0.0 -3.5 0.0 3.500000
6.1 0.0 0.9 0.0 3.511000
0.0 0.0 -7.9 0.0 3.523000
5.3 0.0 -0.9 0.0 3.534000
-9.6 0.0 11.4 0.0 3.546000
-1.8 0.0 3.5 0.0 3.557000
1.8 0.0 -4.4 0.0 3.569000
7.0 0.0 2.6 0.0 3.580000
-1.8 0.0 -7.0 0.0 3.592000
0.9 0.0 1.8 0.0 3.603000
-0.9 0.0 -8.8 0.0 3.615000
0.0 0.0 0.9 0.0 3.626000
5.3 0.0 1.8 0.0 3.638000
-8.8 0.0 10.5 0.0 3.649000
-2.6 0.0 5.3 0.0 3.661000
0.9 0.0 -5.3 0.0 3.672000
5.3 0.0 2.6 0.0 3.684000
-0.9 0.0 -7.9 0.0 3.695000
2.6 0.0 -0.0 0.0 3.707000
-3.5 0.0 10.5 0.0 3.718000
-4.4 0.0 5.3 0.0 3.730000
0.9 0.0 -2.6 0.0 3.742000
7.0 0.0 3.5 0.0 3.753000
0.0 0.0 -7.0 0.0 3.765000
5.3 0.0 1.8 0.0 3.776000
0.0 0.0 -7.0 0.0 3.788000
-10.5 0.0 10.5 0.0 3.799000
0.9 0.0 -7.9 0.0 3.811000
7.0 0.0 0.9 0.0 3.822000
-0.9 0.0 -6.1 0.0 3.833000
2.6 0.0 -0.0 0.0 3.845000
-3.5 0.0 9.6 0.0 3.856000
0.0 0.0 0.9 0.0 3.868000
0.9 0.0 -1.8 0.0 3.880000
-0.9 0.0 -3.5 0.0 3.891000
2.6 0.0 1.8 0.0 3.903000
-0.9 0.0 -6.1 0.0 3.914000
0.9 0.0 2.6 0.0 3.925000
0.0 0.0 -7.9 0.0 3.937000
-7.9 0.0 2.6 0.0 3.948000
0.0 0.0 -11.4 0.0 3.960000
6.1 0.0 -0.9 0.0 3.972000
-8.8 0.0 12.3 0.0 3.983000
0.0 0.0 -4.4 0.0 3.995000
7.0 0.0 0.9 0.0 4.006000
-8.8 0.0 10.5 0.0 4.018000
-2.6 0.0 3.5 0.0 4.029000
1.8 0.0 -4.4 0.0 4.041000
6.1 0.0 0.9 0.0 4.052000
-2.6 0.0 -9.6 0.0 4.064000
0.9 0.0 -0.0 0.0 4.075000
6.1 0.0 0.9 0.0 4.087000
0.0 0.0 -3.5 0.0 4.098000
2.6 0.0 1.8 0.0 4.110000
0.9 0.0 -3.5 0.0 4.121000
0.0 0.0 -5.3 0.0 4.133000
0.0 0.0 -5.3 0.0 4.144000
0.0 0.0 -5.3 0.0 4.156000
0.0 0.0 -6.1 0.0 4.167000
0.0 0.0 -5.3 0.0 4.179000
0.0 0.0 -5.3 0.0 4.190000
0.0 0.0 -5.3 0.0 4.202000
0.0 0.0 -5.3 0.0 4.213000
0.0 0.0 -5.3 0.0 4.225000
0.0 0.0 -5.3 0.0 4.236000
0.0 0.0 4.4 0.0 4.248000
0.0 0.0 -1.8 0.0 4.259000
0.0 0.0 -4.4 0.0 4.271000
0.0 0.0 -5.3 0.0 4.282000
0.0 0.0 7.0 0.0 4.294000
0.0 0.0 -2.6 0.0 4.305000
0.0 0.0 -5.3 0.0 4.317000
0.0 0.0 4.4 0.0 4.328000
0.0 0.0 -1.8 0.0 4.340000
0.0 0.0 -5.3 0.0 4.351000
0.0 0.0 3.5 0.0 4.363000
0.0 0.0 -3.5 0.0 4.374000
0.0 0.0 -5.3 0.0 4.386000
0.0 0.0 7.9 0.0 4.397000
0.0 0.0 -3.5 0.0 4.409000
0.0 0.0 -4.4 0.0 4.420000
0.0 0.0 6.1 0.0 4.432000
0.0 0.0 -0.9 0.0 4.443000
0.0 0.0 -5.3 0.0 4.455000
0.0 0.0 7.0 0.0 4.466000
0.0 0.0 -3.5 0.0 4.478000
0.0 0.0 6.1 0.0 4.489000
0.0 0.0 -1.8 0.0 4.501000
0.0 0.0 -2.6 0.0 4.512000
0.0 0.0 -5.3 0.0 4.524000
0.0 0.0 7.0 0.0 4.535000
0.0 0.0 -3.5 0.0 4.547000
0.0 0.0 7.0 0.0 4.558000
0.0 0.0 -2.6 0.0 4.570000
0.0 0.0 -5.3 0.0 4.581000
0.0 0.0 7.0 0.0 4.593000
0.0 0.0 -1.8 0.0 4.604000
0.0 0.0 -5.3 0.0 4.616000
0.0 0.0 7.0 0.0 4.627000
0.0 0.0 -2.6 0.0 4.639000
0.0 0.0 -5.3 0.0 4.650000
0.0 0.0 5.3 0.0 4.662000
0.0 0.0 -2.6 0.0 4.673000
0.0 0.0 -5.3 0.0 4.685000
0.0 0.0 7.0 0.0 4.696000
0.0 0.0 -3.5 0.0 4.708000
0.0 0.0 6.1 0.0 4.719000
0.0 0.0 -2.6 0.0 4.731000
0.0 0.0 -5.3 0.0 4.742000
0.0 0.0 7.0 0.0 4.754000
0.0 0.0 -1.8 0.0 4.765000
0.0 0.0 -4.4 0.0 4.777000
0.0 0.0 5.3 0.0 4.788000
0.0 0.0 -3.5 0.0 4.800000
0.0 0.0 5.3 0.0 4.811000
0.0 0.0 -1.8 0.0 4.823000
0.0 0.0 -5.3 0.0 4.834000
0.0 0.0 4.4 0.0 4.846000
0.0 0.0 -1.8 0.0 4.857000
0.0 0.0 -6.1 0.0 4.869000
0.0 0.0 7.0 0.0 4.880000
0.0 0.0 -3.5 0.0 4.892000
0.0 0.0 7.0 0.0 4.903000
0.0 0.0 -2.6 0.0 4.915000
0.0 0.0 -5.3 0.0 4.926000
0.0 0.0 7.0 0.0 4.938000
0.0 0.0 -3.5 0.0 4.949000
0.0 0.0 7.0 0.0 4.961000
0.0 0.0 -3.5 0.0 4.972000
0.0 0.0 -3.5 0.0 4.984000
0.0 0.0 7.9 0.0 4.995000
0.0 50.0 -5.3 50.0 5.007000
22.8 50.0 36.8 50.0 5.018000
39.4 50.0 33.3 50.0 5.030000
40.3 50.0 34.2 50.0 5.042000
36.8 50.0 29.8 50.0 5.053000
41.2 50.0 24.5 50.0 5.065000
41.2 50.0 31.6 50.0 5.076000
36.8 50.0 42.1 50.0 5.088000
45.6 50.0 43.8 50.0 5.099000
41.2 50.0 38.6 50.0 5.111000
41.2 50.0 39.4 50.0 5.122000
43.8 50.0 39.4 50.0 5.133000
45.6 50.0 42.1 50.0 5.145000
47.3 50.0 29.8 50.0 5.156000
48.2 50.0 36.8 50.0 5.168000
49.1 50.0 47.3 50.0 5.179000
47.3 50.0 41.2 50.0 5.191000
49.1 50.0 50.8 50.0 5.203000
46.5 50.0 38.6 50.0 5.214000
47.3 50.0 35.1 50.0 5.227000
47.3 50.0 38.6 50.0 5.239000
48.2 50.0 41.2 50.0 5.250000
48.2 50.0 44.7 50.0 5.262000
50.0 50.0 50.0 50.0 5.273000
48.2 50.0 49.1 50.0 5.285000
47.3 50.0 46.5 50.0 5.296000
47.3 50.0 39.4 50.0 5.308000
47.3 50.0 47.3 50.0 5.319000
50.0 50.0 48.2 50.0 5.331000
48.2 50.0 49.1 50.0 5.342000
49.1 50.0 47.3 50.0 5.353000
49.1 50.0 48.2 50.0 5.365000
49.1 50.0 42.1 50.0 5.376000
48.2 50.0 50.8 50.0 5.388000
47.3 50.0 46.5 50.0 5.399000
50.0 50.0 47.3 50.0 5.411000
50.0 50.0 45.6 50.0 5.422000
48.2 50.0 57.9 50.0 5.434000
48.2 50.0 49.1 50.0 5.445000
48.2 50.0 41.2 50.0 5.456000
48.2 50.0 47.3 50.0 5.468000
49.1 50.0 50.8 50.0 5.480000
48.2 50.0 49.1 50.0 5.491000
47.3 50.0 49.1 50.0 5.503000
49.1 50.0 48.2 50.0 5.514000
49.1 50.0 42.1 50.0 5.526000
49.1 50.0 49.1 50.0 5.537000
46.5 50.0 47.3 50.0 5.549000
48.2 50.0 53.5 50.0 5.560000
49.1 50.0 52.6 50.0 5.571000
47.3 50.0 48.2 50.0 5.583000
48.2 50.0 53.5 50.0 5.594000
49.1 50.0 42.1 50.0 5.606000
49.1 50.0 53.5 50.0 5.617000
48.2 50.0 49.1 50.0 5.629000
47.3 50.0 47.3 50.0 5.641000
47.3 50.0 58.7 50.0 5.652000
48.2 50.0 49.1 50.0 5.664000
48.2 50.0 42.1 50.0 5.675000
48.2 50.0 46.5 50.0 5.687000
48.2 50.0 57.0 50.0 5.698000
48.2 50.0 48.2 50.0 5.710000
48.2 50.0 57.0 50.0 5.721000
48.2 50.0 54.3 50.0 5.733000
48.2 50.0 42.1 50.0 5.744000
48.2 50.0 46.5 50.0 5.756000
48.2 50.0 53.5 50.0 5.767000
49.1 50.0 53.5 50.0 5.779000
48.2 50.0 50.0 50.0 5.791000
48.2 50.0 51.7 50.0 5.802000
48.2 50.0 47.3 50.0 5.814000
48.2 50.0 49.1 50.0 5.825000
48.2 50.0 39.4 50.0 5.837000
48.2 50.0 54.3 50.0 5.848000
48.2 50.0 52.6 50.0 5.860000
46.5 50.0 48.2 50.0 5.871000
47.3 50.0 52.6 50.0 5.883000
49.1 50.0 42.1 50.0 5.894000
48.2 50.0 48.2 50.0 5.906000
48.2 50.0 53.5 50.0 5.918000
48.2 50.0 56.1 50.0 5.929000
48.2 50.0 49.1 50.0 5.941000
46.5 50.0 48.2 50.0 5.952000
52.6 50.0 52.6 50.0 5.964000
52.6 50.0 43.0 50.0 5.975000
49.1 50.0 51.7 50.0 5.987000
49.1 50.0 53.5 50.0 5.998000
48.2 50.0 49.1 50.0 6.010000
51.7 50.0 57.0 50.0 6.021000
53.5 50.0 45.6 50.0 6.033000
49.1 50.0 44.7 50.0 6.044000
50.0 50.0 54.3 50.0 6.056000
47.3 50.0 54.3 50.0 6.067000
53.5 50.0 48.2 50.0 6.079000
51.7 50.0 56.1 50.0 6.090000
47.3 50.0 50.0 50.0 6.102000
52.6 50.0 39.4 50.0 6.113000
50.8 50.0 45.6 50.0 6.125000
49.1 50.0 56.1 50.0 6.136000
47.3 50.0 50.8 50.0 6.148000
52.6 50.0 47.3 50.0 6.159000
49.1 50.0 55.2 50.0 6.171000
49.1 50.0 41.2 50.0 6.182000
47.3 50.0 46.5 50.0 6.194000
50.8 50.0 56.1 50.0 6.206000
50.8 50.0 50.0 50.0 6.217000
49.1 50.0 49.1 50.0 6.229000
47.3 50.0 54.3 50.0 6.240000
56.1 50.0 45.6 50.0 6.252000
51.7 50.0 50.0 50.0 6.263000
46.5 50.0 47.3 50.0 6.275000
52.6 50.0 57.9 50.0 6.286000
52.6 50.0 50.8 50.0 6.298000
48.2 50.0 49.1 50.0 6.309000
50.0 50.0 40.3 50.0 6.322000
48.2 50.0 48.2 50.0 6.334000
48.2 50.0 54.3 50.0 6.345000
45.6 50.0 52.6 50.0 6.357000
52.6 50.0 50.0 50.0 6.368000
51.7 50.0 50.8 50.0 6.380000
49.1 50.0 43.8 50.0 6.391000
49.1 50.0 45.6 50.0 6.403000
50.0 50.0 52.6 50.0 6.414000
47.3 50.0 52.6 50.0 6.426000
54.3 50.0 48.2 50.0 6.437000
53.5 50.0 55.2 50.0 6.449000
48.2 50.0 53.5 50.0 6.460000
47.3 50.0 38.6 50.0 6.472000
55.2 50.0 45.6 50.0 6.483000
50.0 50.0 54.3 50.0 6.495000
50.0 50.0 51.7 50.0 6.506000
48.2 50.0 48.2 50.0 6.518000
47.3 50.0 55.2 50.0 6.529000
53.5 50.0 43.8 50.0 6.541000
50.8 50.0 47.3 50.0 6.552000
50.0 50.0 55.2 50.0 6.564000
49.1 50.0 53.5 50.0 6.576000
48.2 50.0 47.3 50.0 6.587000
48.2 50.0 57.0 50.0 6.599000
48.2 50.0 44.7 50.0 6.610000
53.5 50.0 46.5 50.0 6.622000
51.7 50.0 55.2 50.0 6.633000
49.1 50.0 56.1 50.0 6.645000
50.0 50.0 47.3 50.0 6.656000
49.1 50.0 56.1 50.0 6.667000
48.2 50.0 50.0 50.0 6.679000
48.2 50.0 40.3 50.0 6.690000
51.7 50.0 50.0 50.0 6.702000
50.8 50.0 57.0 50.0 6.713000
50.0 50.0 53.5 50.0 6.725000
49.1 50.0 48.2 50.0 6.737000
49.1 50.0 53.5 50.0 6.748000
49.1 50.0 41.2 50.0 6.760000
48.2 50.0 50.8 50.0 6.771000
55.2 50.0 50.0 50.0 6.783000
52.6 50.0 50.8 50.0 6.794000
50.0 50.0 50.0 50.0 6.807000
49.1 50.0 53.5 50.0 6.819000
50.0 50.0 37.7 50.0 6.830000
49.1 50.0 46.5 50.0 6.841000
50.0 50.0 55.2 50.0 6.853000
48.2 50.0 53.5 50.0 6.865000
48.2 50.0 50.0 50.0 6.876000
54.3 50.0 50.0 50.0 6.888000
52.6 50.0 42.1 50.0 6.899000
50.0 50.0 48.2 50.0 6.911000
49.1 50.0 54.3 50.0 6.922000
47.3 50.0 50.8 50.0 6.934000
54.3 50.0 50.0 50.0 6.945000
52.6 50.0 55.2 50.0 6.957000
48.2 50.0 45.6 50.0 6.968000
50.0 50.0 49.1 50.0 6.980000
49.1 50.0 53.5 50.0 6.991000
50.0 50.0 52.6 50.0 7.003000
49.1 50.0 48.2 50.0 7.015000
50.0 50.0 57.0 50.0 7.026000
48.2 50.0 47.3 50.0 7.038000
48.2 50.0 45.6 50.0 7.049000
48.2 50.0 51.7 50.0 7.061000
48.2 50.0 51.7 50.0 7.072000
55.2 50.0 49.1 50.0 7.084000
51.7 50.0 57.9 50.0 7.095000
49.1 50.0 47.3 50.0 7.107000
50.0 50.0 44.7 50.0 7.118000
48.2 50.0 52.6 50.0 7.130000
48.2 50.0 52.6 50.0 7.141000
49.1 50.0 48.2 50.0 7.153000
48.2 50.0 57.0 50.0 7.164000
54.3 50.0 50.0 50.0 7.176000
53.5 50.0 38.6 50.0 7.187000
49.1 50.0 45.6 50.0 7.199000
49.1 50.0 56.1 50.0 7.210000
50.0 50.0 50.0 50.0 7.222000
49.1 50.0 48.2 50.0 7.233000
48.2 50.0 58.7 50.0 7.245000
46.5 50.0 45.6 50.0 7.256000
53.5 50.0 45.6 50.0 7.268000
51.7 50.0 56.1 50.0 7.279000
47.3 50.0 52.6 50.0 7.291000
55.2 50.0 49.1 50.0 7.302000
54.3 50.0 50.0 50.0 7.314000
49.1 50.0 43.8 50.0 7.326000
50.0 50.0 46.5 50.0 7.337000
50.8 50.0 55.2 50.0 7.349000
50.0 50.0 50.8 50.0 7.360000
49.1 50.0 50.8 50.0 7.372000
48.2 50.0 48.2 50.0 7.383000
49.1 50.0 53.5 50.0 7.395000
48.2 50.0 46.5 50.0 7.406000
47.3 50.0 49.1 50.0 7.418000
56.1 50.0 57.9 50.0 7.429000
53.5 50.0 50.8 50.0 7.441000
50.8 50.0 50.8 50.0 7.452000
47.3 50.0 46.5 50.0 7.464000
49.1 50.0 47.3 50.0 7.475000
46.5 50.0 52.6 50.0 7.487000
53.5 50.0 51.7 50.0 7.498000
52.6 50.0 49.1 50.0 7.510000
49.1 50.0 48.2 50.0 7.521000
48.2 50.0 57.0 50.0 7.533000
49.1 50.0 42.1 50.0 7.544000
48.2 50.0 48.2 50.0 7.556000
48.2 50.0 53.5 50.0 7.567000
47.3 50.0 51.7 50.0 7.579000
53.5 50.0 50.0 50.0 7.590000
53.5 50.0 48.2 50.0 7.602000
49.1 50.0 53.5 50.0 7.613000
49.1 50.0 38.6 50.0 7.625000
48.2 50.0 50.8 50.0 7.636000
49.1 50.0 50.8 50.0 7.648000
47.3 50.0 46.5 50.0 7.659000
51.7 50.0 57.0 50.0 7.671000
50.0 50.0 48.2 50.0 7.682000
50.8 50.0 46.5 50.0 7.694000
48.2 50.0 51.7 50.0 7.705000
47.3 50.0 51.7 50.0 7.717000
53.5 50.0 50.8 50.0 7.729000
49.1 50.0 50.8 50.0 7.740000
47.3 50.0 48.2 50.0 7.752000
52.6 50.0 50.8 50.0 7.763000
50.8 50.0 45.6 50.0 7.775000
48.2 50.0 57.0 50.0 7.786000
47.3 50.0 50.8 50.0 7.798000
51.7 50.0 50.0 50.0 7.809000
50.0 50.0 50.8 50.0 7.820000
46.5 50.0 40.3 50.0 7.832000
52.6 50.0 45.6 50.0 7.844000
53.5 50.0 54.3 50.0 7.855000
48.2 50.0 51.7 50.0 7.867000
48.2 50.0 51.7 50.0 7.878000
55.2 50.0 50.0 50.0 7.890000
51.7 50.0 47.3 50.0 7.901000
47.3 50.0 45.6 50.0 7.913000
54.3 50.0 51.7 50.0 7.924000
50.0 50.0 55.2 50.0 7.936000
49.1 50.0 51.7 50.0 7.947000
49.1 50.0 49.1 50.0 7.959000
49.1 50.0 53.5 50.0 7.970000
47.3 50.0 43.0 50.0 7.982000
50.8 50.0 50.0 50.0 7.993000
50.0 50.0 57.0 50.0 8.005000
49.1 50.0 51.7 50.0 8.016000
49.1 50.0 50.0 50.0 8.028000
49.1 50.0 47.3 50.0 8.040000
49.1 50.0 46.5 50.0 8.051000
49.1 50.0 51.7 50.0 8.063000
49.1 50.0 50.0 50.0 8.074000
48.2 50.0 48.2 50.0 8.086000
54.3 50.0 57.0 50.0 8.097000
48.2 50.0 52.6 50.0 8.109000
55.2 50.0 45.6 50.0 8.120000
52.6 50.0 48.2 50.0 8.132000
48.2 50.0 55.2 50.0 8.143000
49.1 50.0 50.8 50.0 8.155000
49.1 50.0 49.1 50.0 8.166000
49.1 50.0 48.2 50.0 8.178000
49.1 50.0 50.0 50.0 8.189000
48.2 50.0 39.4 50.0 8.201000
57.9 50.0 51.7 50.0 8.212000
49.1 50.0 56.1 50.0 8.224000
50.0 50.0 49.1 50.0 8.235000
49.1 50.0 56.1 50.0 8.247000
48.2 50.0 48.2 50.0 8.258000
49.1 50.0 50.0 50.0 8.270000
48.2 50.0 48.2 50.0 8.281000
55.2 50.0 55.2 50.0 8.293000
53.5 50.0 52.6 50.0 8.304000
50.0 50.0 50.8 50.0 8.316000
49.1 50.0 46.5 50.0 8.327000
49.1 50.0 46.5 50.0 8.339000
49.1 50.0 52.6 50.0 8.350000
48.2 50.0 52.6 50.0 8.362000
49.1 50.0 48.2 50.0 8.373000
50.8 50.0 57.0 50.0 8.385000
50.0 50.0 50.0 50.0 8.396000
50.0 50.0 41.2 50.0 8.408000
50.0 50.0 49.1 50.0 8.420000
49.1 50.0 48.2 50.0 8.431000
50.0 50.0 56.1 50.0 8.442000
50.0 50.0 48.2 50.0 8.454000
49.1 50.0 58.7 50.0 8.466000
49.1 50.0 50.0 50.0 8.477000
48.2 50.0 39.4 50.0 8.489000
55.2 50.0 50.8 50.0 8.500000
51.7 50.0 52.6 50.0 8.511000
50.8 50.0 50.0 50.0 8.523000
50.0 50.0 50.0 50.0 8.534000
49.1 50.0 43.0 50.0 8.546000
48.2 50.0 43.8 50.0 8.558000
48.2 50.0 53.5 50.0 8.569000
49.1 50.0 50.0 50.0 8.581000
49.1 50.0 49.1 50.0 8.592000
49.1 50.0 58.7 50.0 8.604000
49.1 50.0 47.3 50.0 8.615000
48.2 50.0 50.8 50.0 8.627000
52.6 50.0 45.6 50.0 8.638000
50.8 50.0 56.1 50.0 8.650000
52.6 50.0 51.7 50.0 8.661000
49.1 50.0 50.0 50.0 8.673000
48.2 50.0 50.0 50.0 8.684000
54.3 50.0 41.2 50.0 8.696000
52.6 50.0 47.3 50.0 8.707000
49.1 50.0 58.7 50.0 8.719000
49.1 50.0 50.8 50.0 8.731000
49.1 50.0 48.2 50.0 8.742000
49.1 50.0 57.9 50.0 8.754000
49.1 50.0 45.6 50.0 8.765000
48.2 50.0 48.2 50.0 8.776000
55.2 50.0 56.1 50.0 8.788000
50.8 50.0 50.8 50.0 8.800000
50.0 50.0 48.2 50.0 8.811000
48.2 50.0 50.8 50.0 8.823000
48.2 50.0 45.6 50.0 8.834000
49.1 50.0 46.5 50.0 8.846000
48.2 50.0 51.7 50.0 8.857000
51.7 50.0 52.6 50.0 8.869000
50.8 50.0 47.3 50.0 8.880000
46.5 50.0 57.0 50.0 8.892000
54.3 50.0 50.0 50.0 8.904000
50.0 50.0 38.6 50.0 8.915000
48.2 50.0 51.7 50.0 8.927000
46.5 50.0 51.7 50.0 8.938000
53.5 50.0 50.0 50.0 8.950000
50.0 50.0 48.2 50.0 8.961000
49.1 50.0 54.3 50.0 8.973000
49.1 50.0 46.5 50.0 8.984000
48.2 50.0 49.1 50.0 8.996000
50.8 50.0 51.7 50.0 9.007000
54.3 50.0 50.0 50.0 9.019000
50.0 50.0 50.0 50.0 9.030000
47.3 50.0 50.0 50.0 9.042000
52.6 50.0 43.0 50.0 9.053000
52.6 50.0 49.1 50.0 9.065000
50.8 50.0 57.0 50.0 9.076000
49.1 50.0 51.7 50.0 9.088000
48.2 50.0 48.2 50.0 9.099000
48.2 50.0 57.9 50.0 9.111000
45.6 50.0 46.5 50.0 9.122000
49.1 50.0 46.5 50.0 9.134000
51.7 50.0 57.0 50.0 9.145000
48.2 50.0 51.7 50.0 9.157000
53.5 50.0 47.3 50.0 9.168000
52.6 50.0 57.0 50.0 9.180000
47.3 50.0 48.2 50.0 9.191000
50.8 50.0 38.6 50.0 9.203000
49.1 50.0 51.7 50.0 9.214000
47.3 50.0 53.5 50.0 9.226000
52.6 50.0 50.0 50.0 9.238000
51.7 50.0 50.0 50.0 9.249000
46.5 50.0 43.8 50.0 9.261000
53.5 50.0 50.0 50.0 9.272000
50.0 50.0 45.6 50.0 9.284000
44.7 50.0 57.0 50.0 9.295000
52.6 50.0 51.7 50.0 9.307000
51.7 50.0 50.0 50.0 9.318000
49.1 50.0 48.2 50.0 9.330000
49.1 50.0 47.3 50.0 9.341000
48.2 50.0 54.3 50.0 9.353000
50.8 50.0 48.2 50.0 9.364000
50.0 50.0 55.2 50.0 9.376000
48.2 50.0 52.6 50.0 9.387000
53.5 50.0 49.1 50.0 9.399000
52.6 50.0 41.2 50.0 9.410000
49.1 50.0 49.1 50.0 9.422000
50.0 50.0 48.2 50.0 9.433000
49.1 50.0 58.7 50.0 9.445000
48.2 50.0 50.0 50.0 9.456000
54.3 50.0 50.8 50.0 9.468000
51.7 50.0 44.7 50.0 9.480000
50.8 50.0 45.6 50.0 9.491000
50.8 50.0 54.3 50.0 9.503000
48.2 50.0 50.8 50.0 9.514000
50.0 50.0 50.8 50.0 9.526000
48.2 50.0 48.2 50.0 9.537000
49.1 50.0 56.1 50.0 9.549000
48.2 50.0 40.3 50.0 9.560000
53.5 50.0 50.0 50.0 9.572000
51.7 50.0 48.2 50.0 9.583000
50.8 50.0 58.7 50.0 9.595000
49.1 50.0 50.0 50.0 9.606000
50.0 50.0 43.8 50.0 9.618000
49.1 50.0 48.2 50.0 9.629000
49.1 50.0 51.7 50.0 9.641000
48.2 50.0 50.0 50.0 9.652000
48.2 50.0 50.0 50.0 9.664000
48.2 50.0 50.8 50.0 9.676000
55.2 50.0 50.0 50.0 9.687000
51.7 50.0 39.4 50.0 9.699000
50.0 50.0 50.0 50.0 9.710000
47.3 50.0 57.9 50.0 9.723000
56.1 50.0 50.8 50.0 9.734000
51.7 50.0 50.0 50.0 9.746000
49.1 50.0 48.2 50.0 9.758000
50.8 50.0 45.6 50.0 9.769000
49.1 50.0 54.3 50.0 9.782000
48.2 50.0 50.8 50.0 9.793000
48.2 50.0 49.1 50.0 9.805000
49.1 50.0 50.0 50.0 9.816000
49.1 50.0 50.0 50.0 9.828000
49.1 50.0 40.3 50.0 9.839000
48.2 50.0 46.5 50.0 9.851000
49.1 50.0 56.1 50.0 9.863000
49.1 50.0 54.3 50.0 9.874000
48.2 50.0 50.0 50.0 9.886000
57.9 50.0 50.8 50.0 9.898000
52.6 50.0 45.6 50.0 9.910000
50.8 50.0 44.7 50.0 9.921000
49.1 50.0 55.2 50.0 9.933000
48.2 50.0 51.7 50.0 9.944000
49.1 50.0 49.1 50.0 9.956000
48.2 50.0 55.2 50.0 9.967000
49.1 50.0 49.1 50.0 9.979000
49.1 50.0 37.7 50.0 9.990000
49.1 50.0 48.2 50.0 10.002000
49.1 50.0 50.0 50.0 10.014000
50.0 50.0 60.5 50.0 10.025000
50.0 50.0 50.0 50.0 10.037000
49.1 50.0 51.7 50.0 10.048000
49.1 50.0 41.2 50.0 10.060000
48.2 50.0 50.8 50.0 10.071000
53.5 50.0 50.0 50.0 10.083000
51.7 50.0 57.9 50.0 10.094000
48.2 50.0 51.7 50.0 10.106000
54.3 50.0 47.3 50.0 10.117000
52.6 50.0 51.7 50.0 10.129000
49.1 50.0 44.7 50.0 10.140000
48.2 50.0 53.5 50.0 10.152000
50.0 50.0 50.0 50.0 10.163000
48.2 50.0 50.0 50.0 10.175000
48.2 50.0 49.1 50.0 10.186000
54.3 50.0 51.7 50.0 10.198000
51.7 50.0 43.8 50.0 10.209000
50.0 50.0 55.2 50.0 10.221000
47.3 50.0 50.0 50.0 10.232000
53.5 50.0 54.3 50.0 10.244000
52.6 50.0 50.8 50.0 10.255000
49.1 50.0 43.8 50.0 10.267000
48.2 50.0 44.7 50.0 10.279000
48.2 50.0 54.3 50.0 10.290000
48.2 50.0 52.6 50.0 10.302000
48.2 50.0 49.1 50.0 10.313000
51.7 50.0 56.1 50.0 10.325000
48.2 50.0 50.8 50.0 10.336000
50.0 50.0 38.6 50.0 10.348000
48.2 50.0 51.7 50.0 10.359000
53.5 50.0 54.3 50.0 10.371000
51.7 50.0 50.0 50.0 10.382000
48.2 50.0 49.1 50.0 10.394000
47.3 50.0 55.2 50.0 10.405000
51.7 50.0 48.2 50.0 10.417000
50.8 50.0 49.1 50.0 10.428000
49.1 50.0 55.2 50.0 10.440000
49.1 50.0 54.3 50.0 10.451000
49.1 50.0 48.2 50.0 10.463000
48.2 50.0 47.3 50.0 10.474000
54.3 50.0 50.8 50.0 10.486000
51.7 50.0 43.8 50.0 10.498000
47.3 50.0 55.2 50.0 10.509000
55.2 50.0 51.7 50.0 10.521000
50.0 50.0 50.8 50.0 10.532000
46.5 50.0 50.0 50.0 10.544000
52.6 50.0 42.1 50.0 10.555000
52.6 50.0 46.5 50.0 10.567000
46.5 50.0 57.0 50.0 10.578000
49.1 50.0 50.8 50.0 10.590000
51.7 50.0 50.0 50.0 10.601000
49.1 50.0 50.0 50.0 10.613000
47.3 50.0 45.6 50.0 10.624000
53.5 50.0 45.6 50.0 10.636000
53.5 50.0 55.2 50.0 10.648000
48.2 50.0 52.6 50.0 10.659000
45.6 50.0 50.0 50.0 10.671000
52.6 50.0 50.0 50.0 10.682000
52.6 50.0 46.5 50.0 10.694000
48.2 50.0 47.3 50.0 10.705000
49.1 50.0 54.3 50.0 10.717000
49.1 50.0 53.5 50.0 10.728000
47.3 50.0 50.0 50.0 10.740000
50.8 50.0 50.0 50.0 10.751000
48.2 50.0 44.7 50.0 10.764000
49.1 50.0 50.8 50.0 10.775000
48.2 50.0 46.5 50.0 10.787000
52.6 50.0 55.2 50.0 10.798000
53.5 50.0 50.8 50.0 10.810000
49.1 50.0 51.7 50.0 10.822000
50.0 50.0 45.6 50.0 10.833000
48.2 50.0 46.5 50.0 10.845000
48.2 50.0 52.6 50.0 10.856000
55.2 50.0 49.1 50.0 10.868000
50.8 50.0 54.3 50.0 10.879000
48.2 50.0 51.7 50.0 10.891000
49.1 50.0 50.8 50.0 10.902000
49.1 50.0 41.2 50.0 10.914000
49.1 50.0 49.1 50.0 10.925000
51.7 50.0 57.0 50.0 10.937000
48.2 50.0 50.8 50.0 10.948000
50.0 50.0 48.2 50.0 10.960000
50.0 50.0 58.7 50.0 10.971000
48.2 50.0 49.1 50.0 10.983000
49.1 50.0 37.7 50.0 10.995000
48.2 50.0 50.8 50.0 11.006000
57.0 50.0 54.3 50.0 11.018000
52.6 50.0 47.3 50.0 11.029000
50.8 50.0 57.0 50.0 11.041000
47.3 50.0 46.5 50.0 11.052000
51.7 50.0 46.5 50.0 11.064000
53.5 50.0 53.5 50.0 11.075000
49.1 50.0 50.8 50.0 11.087000
47.3 50.0 50.8 50.0 11.098000
48.2 50.0 50.8 50.0 11.110000
48.2 50.0 43.8 50.0 11.121000
49.1 50.0 50.0 50.0 11.133000
48.2 50.0 46.5 50.0 11.144000
57.9 50.0 56.1 50.0 11.156000
52.6 50.0 50.8 50.0 11.167000
48.2 50.0 48.2 50.0 11.179000
49.1 50.0 56.1 50.0 11.191000
49.1 50.0 42.1 50.0 11.202000
49.1 50.0 51.7 50.0 11.214000
50.0 50.0 50.0 50.0 11.225000
48.2 50.0 50.0 50.0 11.237000
50.0 50.0 49.1 50.0 11.248000
50.0 50.0 58.7 50.0 11.260000
48.2 50.0 44.7 50.0 11.271000
50.0 50.0 50.0 50.0 11.283000
49.1 50.0 50.8 50.0 11.294000
49.1 50.0 53.5 50.0 11.306000
49.1 50.0 49.1 50.0 11.318000
49.1 50.0 50.8 50.0 11.329000
50.0 50.0 45.6 50.0 11.341000
48.2 50.0 47.3 50.0 11.352000
54.3 50.0 53.5 50.0 11.364000
50.0 50.0 52.6 50.0 11.375000
50.0 50.0 48.2 50.0 11.387000
48.2 50.0 57.0 50.0 11.398000
53.5 50.0 49.1 50.0 11.410000
51.7 50.0 41.2 50.0 11.421000
50.0 50.0 50.8 50.0 11.433000
49.1 50.0 51.7 50.0 11.444000
48.2 50.0 49.1 50.0 11.456000
48.2 50.0 51.7 50.0 11.468000
49.1 50.0 47.3 50.0 11.479000
49.1 50.0 48.2 50.0 11.491000
49.1 50.0 53.5 50.0 11.502000
48.2 50.0 49.1 50.0 11.514000
55.2 50.0 49.1 50.0 11.525000
50.8 50.0 49.1 50.0 11.537000
49.1 50.0 57.9 50.0 11.548000
49.1 50.0 44.7 50.0 11.560000
48.2 50.0 48.2 50.0 11.571000
52.6 50.0 57.9 50.0 11.583000
53.5 50.0 50.0 50.0 11.594000
50.8 50.0 50.8 50.0 11.606000
48.2 50.0 50.8 50.0 11.617000
47.3 50.0 47.3 50.0 11.629000
51.7 50.0 44.7 50.0 11.640000
51.7 50.0 54.3 50.0 11.652000
49.1 50.0 51.7 50.0 11.663000
49.1 50.0 48.2 50.0 11.675000
48.2 50.0 50.0 50.0 11.687000
48.2 50.0 45.6 50.0 11.698000
51.7 50.0 45.6 50.0 11.710000
52.6 50.0 53.5 50.0 11.721000
49.1 50.0 50.8 50.0 11.733000
47.3 50.0 47.3 50.0 11.744000
51.7 50.0 57.9 50.0 11.756000
51.7 50.0 46.5 50.0 11.767000
49.1 50.0 47.3 50.0 11.779000
46.5 50.0 50.8 50.0 11.790000
52.6 50.0 52.6 50.0 11.802000
52.6 50.0 51.7 50.0 11.813000
49.1 50.0 50.0 50.0 11.825000
49.1 50.0 45.6 50.0 11.836000
48.2 50.0 45.6 50.0 11.848000
48.2 50.0 53.5 50.0 11.859000
52.6 50.0 49.1 50.0 11.871000
50.0 50.0 57.0 50.0 11.882000
49.1 50.0 53.5 50.0 11.894000
46.5 50.0 47.3 50.0 11.906000
54.3 50.0 52.6 50.0 11.917000
51.7 50.0 48.2 50.0 11.929000
48.2 50.0 49.1 50.0 11.940000
46.5 50.0 47.3 50.0 11.952000
50.8 50.0 57.0 50.0 11.963000
50.8 50.0 51.7 50.0 11.975000
47.3 50.0 42.1 50.0 11.986000
54.3 50.0 49.1 50.0 11.998000
52.6 50.0 48.2 50.0 12.009000
49.1 50.0 59.6 50.0 12.021000
48.2 50.0 50.0 50.0 12.032000
50.0 50.0 49.1 50.0 12.044000
50.8 50.0 45.6 50.0 12.055000
49.1 50.0 47.3 50.0 12.067000
49.1 50.0 53.5 50.0 12.079000
49.1 50.0 51.7 50.0 12.090000
48.2 50.0 51.7 50.0 12.102000
57.0 50.0 48.2 50.0 12.113000
51.7 50.0 43.0 50.0 12.125000
46.5 50.0 50.8 50.0 12.136000
52.6 50.0 45.6 50.0 12.148000
51.7 50.0 55.2 50.0 12.159000
48.2 50.0 50.0 50.0 12.171000
47.3 50.0 50.0 50.0 12.182000
55.2 50.0 49.1 50.0 12.194000
51.7 50.0 38.6 50.0 12.206000
51.7 50.0 51.7 50.0 12.217000
50.8 50.0 51.7 50.0 12.229000
50.0 50.0 47.3 50.0 12.240000
48.2 50.0 57.0 50.0 12.252000
50.8 50.0 51.7 50.0 12.263000
50.0 50.0 39.4 50.0 12.275000
49.1 50.0 48.2 50.0 12.286000
49.1 50.0 58.7 50.0 12.298000
49.1 50.0 50.8 50.0 12.309000
48.2 50.0 48.2 50.0 12.321000
49.1 50.0 57.9 50.0 12.332000
48.2 50.0 45.6 50.0 12.344000
50.0 50.0 47.3 50.0 12.355000
50.0 50.0 55.2 50.0 12.367000
49.1 50.0 51.7 50.0 12.378000
50.0 50.0 50.0 50.0 12.390000
48.2 50.0 48.2 50.0 12.402000
49.1 50.0 54.3 50.0 12.413000
47.3 50.0 42.1 50.0 12.425000
57.0 50.0 53.5 50.0 12.436000
52.6 50.0 50.8 50.0 12.448000
49.1 50.0 49.1 50.0 12.459000
48.2 50.0 49.1 50.0 12.471000
49.1 50.0 55.2 50.0 12.482000
48.2 50.0 42.1 50.0 12.494000
48.2 50.0 48.2 50.0 12.505000
57.0 50.0 56.1 50.0 12.517000
51.7 50.0 50.0 50.0 12.528000
49.1 50.0 50.0 50.0 12.540000
49.1 50.0 44.7 50.0 12.551000
50.0 50.0 50.8 50.0 12.563000
49.1 50.0 47.3 50.0 12.574000
49.1 50.0 53.5 50.0 12.586000
49.1 50.0 50.8 50.0 12.597000
49.1 50.0 49.1 50.0 12.609000
49.1 50.0 57.9 50.0 12.621000
49.1 50.0 48.2 50.0 12.632000
50.0 50.0 52.6 50.0 12.644000
50.8 50.0 50.8 50.0 12.655000
48.2 50.0 50.8 50.0 12.667000
54.3 50.0 51.7 50.0 12.678000
54.3 50.0 50.0 50.0 12.690000
50.0 50.0 43.8 50.0 12.701000
50.0 50.0 47.3 50.0 12.713000
50.0 50.0 57.9 50.0 12.724000
49.1 50.0 50.8 50.0 12.736000
50.8 50.0 53.5 50.0 12.747000
49.1 50.0 53.5 50.0 12.760000
47.3 50.0 45.6 50.0 12.772000
54.3 50.0 48.2 50.0 12.783000
55.2 50.0 48.2 50.0 12.795000
48.2 50.0 51.7 50.0 12.806000
50.8 50.0 49.1 50.0 12.818000
47.3 50.0 50.0 50.0 12.829000
48.2 50.0 50.0 50.0 12.841000
50.0 50.0 41.2 50.0 12.852000
50.0 50.0 49.1 50.0 12.864000
48.2 50.0 49.1 50.0 12.875000
50.0 50.0 61.4 50.0 12.887000
50.8 50.0 51.7 50.0 12.898000
48.2 50.0 47.3 50.0 12.910000
48.2 50.0 52.6 50.0 12.922000
49.1 50.0 43.0 50.0 12.933000
50.8 50.0 55.2 50.0 12.945000
50.8 50.0 53.5 50.0 12.956000
49.1 50.0 51.7 50.0 12.968000
49.1 50.0 44.7 50.0 12.979000
49.1 50.0 55.2 50.0 12.991000
47.3 50.0 42.1 50.0 13.002000
56.1 50.0 54.3 50.0 13.014000
50.0 50.0 50.8 50.0 13.026000
49.1 50.0 50.0 50.0 13.037000
49.1 50.0 50.8 50.0 13.049000
48.2 50.0 44.7 50.0 13.060000
48.2 50.0 49.1 50.0 13.072000
48.2 50.0 49.1 50.0 13.083000
55.2 50.0 53.5 50.0 13.095000
52.6 50.0 48.2 50.0 13.106000
49.1 50.0 50.8 50.0 13.118000
49.1 50.0 50.8 50.0 13.129000
49.1 50.0 43.0 50.0 13.141000
49.1 50.0 48.2 50.0 13.152000
48.2 50.0 56.1 50.0 13.164000
48.2 50.0 49.1 50.0 13.176000
52.6 50.0 49.1 50.0 13.187000
50.8 50.0 48.2 50.0 13.199000
48.2 50.0 47.3 50.0 13.210000
56.1 50.0 49.1 50.0 13.222000
52.6 50.0 51.7 50.0 13.233000
49.1 50.0 50.0 50.0 13.245000
45.6 50.0 50.0 50.0 13.256000
50.0 50.0 50.8 50.0 13.268000
51.7 50.0 43.8 50.0 13.279000
47.3 50.0 47.3 50.0 13.291000
56.1 50.0 57.0 50.0 13.302000
54.3 50.0 50.8 50.0 13.314000
48.2 50.0 53.5 50.0 13.325000
47.3 50.0 51.7 50.0 13.337000
46.5 50.0 45.6 50.0 13.349000
53.5 50.0 45.6 50.0 13.360000
51.7 50.0 57.9 50.0 13.372000
48.2 50.0 53.5 50.0 13.383000
47.3 50.0 48.2 50.0 13.395000
47.3 50.0 49.1 50.0 13.406000
53.5 50.0 50.8 50.0 13.418000
51.7 50.0 37.7 50.0 13.429000
48.2 50.0 54.3 50.0 13.441000
49.1 50.0 56.1 50.0 13.452000
49.1 50.0 50.0 50.0 13.464000
49.1 50.0 47.3 50.0 13.475000
49.1 50.0 57.0 50.0 13.487000
49.1 50.0 45.6 50.0 13.498000
48.2 50.0 50.0 50.0 13.510000
49.1 50.0 47.3 50.0 13.521000
49.1 50.0 57.0 50.0 13.533000
48.2 50.0 49.1 50.0 13.544000
54.3 50.0 50.0 50.0 13.556000
54.3 50.0 45.6 50.0 13.567000
50.0 50.0 50.0 50.0 13.579000
50.8 50.0 49.1 50.0 13.590000
50.8 50.0 50.0 50.0 13.602000
50.8 50.0 52.6 50.0 13.614000
48.2 50.0 51.7 50.0 13.625000
50.8 50.0 44.7 50.0 13.637000
49.1 50.0 45.6 50.0 13.648000
49.1 50.0 54.3 50.0 13.660000
48.2 50.0 50.8 50.0 13.671000
50.0 50.0 49.1 50.0 13.683000
48.2 50.0 48.2 50.0 13.694000
49.1 50.0 56.1 50.0 13.706000
49.1 50.0 43.0 50.0 13.717000
49.1 50.0 50.8 50.0 13.729000
49.1 50.0 52.6 50.0 13.740000
48.2 50.0 48.2 50.0 13.752000
54.3 50.0 50.0 50.0 13.763000
54.3 50.0 46.5 50.0 13.775000
50.0 50.0 53.5 50.0 13.786000
50.0 50.0 41.2 50.0 13.798000
49.1 50.0 53.5 50.0 13.809000
47.3 50.0 53.5 50.0 13.821000
55.2 50.0 50.0 50.0 13.832000
52.6 50.0 47.3 50.0 13.844000
50.0 50.0 54.3 50.0 13.855000
49.1 50.0 42.1 50.0 13.867000
49.1 50.0 53.5 50.0 13.879000
49.1 50.0 49.1 50.0 13.890000
48.2 50.0 57.0 50.0 13.902000
48.2 50.0 51.7 50.0 13.913000
47.3 50.0 44.7 50.0 13.924000
54.3 50.0 51.7 50.0 13.936000
51.7 50.0 50.0 50.0 13.947000
48.2 50.0 47.3 50.0 13.959000
49.1 50.0 57.0 50.0 13.970000
48.2 50.0 52.6 50.0 13.982000
47.3 50.0 46.5 50.0 13.994000
55.2 50.0 50.8 50.0 14.005000
51.7 50.0 48.2 50.0 14.017000
49.1 50.0 49.1 50.0 14.028000
49.1 50.0 49.1 50.0 14.040000
49.1 50.0 48.2 50.0 14.051000
49.1 50.0 56.1 50.0 14.063000
49.1 50.0 43.0 50.0 14.074000
49.1 50.0 50.8 50.0 14.086000
50.8 50.0 53.5 50.0 14.097000
48.2 50.0 49.1 50.0 14.109000
55.2 50.0 50.0 50.0 14.120000
52.6 50.0 49.1 50.0 14.132000
50.0 50.0 49.1 50.0 14.143000
47.3 50.0 43.8 50.0 14.155000
56.1 50.0 55.2 50.0 14.166000
50.8 50.0 50.0 50.0 14.178000
50.0 50.0 50.8 50.0 14.189000
48.2 50.0 51.7 50.0 14.201000
47.3 50.0 44.7 50.0 14.213000
48.2 50.0 50.8 50.0 14.224000
49.1 50.0 50.8 50.0 14.236000
50.8 50.0 52.6 50.0 14.247000
49.1 50.0 50.0 50.0 14.259000
49.1 50.0 49.1 50.0 14.270000
50.0 50.0 49.1 50.0 14.282000
49.1 50.0 40.3 50.0 14.293000
48.2 50.0 51.7 50.0 14.305000
50.8 50.0 57.0 50.0 14.317000
53.5 50.0 51.7 50.0 14.328000
49.1 50.0 49.1 50.0 14.340000
48.2 50.0 46.5 50.0 14.351000
49.1 50.0 49.1 50.0 14.362000
49.1 50.0 54.3 50.0 14.374000
49.1 50.0 50.8 50.0 14.386000
47.3 50.0 50.8 50.0 14.397000
55.2 50.0 49.1 50.0 14.410000
51.7 50.0 49.1 50.0 14.422000
47.3 50.0 44.7 50.0 14.433000
53.5 50.0 49.1 50.0 14.445000
50.0 50.0 57.9 50.0 14.456000
51.7 50.0 51.7 50.0 14.468000
49.1 50.0 49.1 50.0 14.479000
49.1 50.0 50.0 50.0 14.491000
49.1 50.0 44.7 50.0 14.502000
48.2 50.0 50.0 50.0 14.514000
50.0 50.0 51.7 50.0 14.527000
49.1 50.0 50.8 50.0 14.538000
46.5 50.0 54.3 50.0 14.550000
49.1 50.0 50.0 50.0 14.561000
50.8 50.0 46.5 50.0 14.574000
48.2 50.0 47.3 50.0 14.585000
54.3 50.0 57.0 50.0 14.597000
51.7 50.0 50.8 50.0 14.609000
50.0 50.0 50.0 50.0 14.620000
48.2 50.0 50.8 50.0 14.632000
47.3 50.0 47.3 50.0 14.643000
54.3 50.0 48.2 50.0 14.655000
50.8 50.0 56.1 50.0 14.666000
47.3 50.0 51.7 50.0 14.678000
53.5 50.0 50.8 50.0 14.689000
50.8 50.0 49.1 50.0 14.700000
49.1 50.0 49.1 50.0 14.712000
47.3 50.0 40.3 50.0 14.724000
50.8 50.0 55.2 50.0 14.735000
50.8 50.0 57.0 50.0 14.747000
50.0 50.0 49.1 50.0 14.759000
46.5 50.0 50.8 50.0 14.771000
52.6 50.0 49.1 50.0 14.782000
51.7 50.0 43.0 50.0 14.794000
48.2 50.0 50.0 50.0 14.805000
52.6 50.0 51.7 50.0 14.817000
50.8 50.0 48.2 50.0 14.829000
50.0 50.0 56.1 50.0 14.840000
49.1 50.0 50.0 50.0 14.852000
48.2 50.0 41.2 50.0 14.863000
49.1 50.0 50.0 50.0 14.875000
49.1 50.0 51.7 50.0 14.886000
46.5 50.0 49.1 50.0 14.898000
55.2 50.0 48.2 50.0 14.909000
54.3 50.0 57.9 50.0 14.921000
50.0 50.0 47.3 50.0 14.932000
48.2 50.0 46.5 50.0 14.944000
49.1 50.0 57.0 50.0 14.955000
48.2 50.0 52.6 50.0 14.967000
48.2 50.0 48.2 50.0 14.978000
56.1 50.0 49.1 50.0 14.990000
53.5 -50.0 47.3 50.0 15.001000
0.9 -50.0 50.0 50.0 15.013000
-24.5 -50.0 43.8 50.0 15.024000
-21.9 -50.0 51.7 50.0 15.036000
-25.4 -50.0 47.3 50.0 15.048000
-27.2 -50.0 55.2 50.0 15.059000
-27.2 -50.0 50.0 50.0 15.071000
-28.0 -50.0 50.8 50.0 15.082000
-28.0 -50.0 48.2 50.0 15.094000
-26.3 -50.0 60.5 50.0 15.105000
-31.6 -50.0 50.0 50.0 15.117000
-32.4 -50.0 50.0 50.0 15.128000
-34.2 -50.0 48.2 50.0 15.140000
-37.7 -50.0 41.2 50.0 15.152000
-38.6 -50.0 51.7 50.0 15.163000
-38.6 -50.0 52.6 50.0 15.174000
-39.4 -50.0 48.2 50.0 15.186000
-35.9 -50.0 55.2 50.0 15.198000
-35.1 -50.0 51.7 50.0 15.209000
-36.8 -50.0 48.2 50.0 15.221000
-38.6 -50.0 43.8 50.0 15.232000
-38.6 -50.0 50.8 50.0 15.244000
-36.8 -50.0 47.3 50.0 15.255000
-43.8 -50.0 54.3 50.0 15.267000
-39.4 -50.0 54.3 50.0 15.278000
-43.0 -50.0 53.5 50.0 15.290000
-39.4 -50.0 54.3 50.0 15.301000
-41.2 -50.0 52.6 50.0 15.313000
-44.7 -50.0 46.5 50.0 15.324000
-46.5 -50.0 42.1 50.0 15.336000
-42.1 -50.0 52.6 50.0 15.348000
-46.5 -50.0 54.3 50.0 15.359000
-49.1 -50.0 60.5 50.0 15.371000
-42.1 -50.0 55.2 50.0 15.382000
-44.7 -50.0 51.7 50.0 15.394000
-45.6 -50.0 48.2 50.0 15.405000
-45.6 -50.0 44.7 50.0 15.418000
-46.5 -50.0 46.5 50.0 15.430000
-48.2 -50.0 53.5 50.0 15.441000
-48.2 -50.0 59.6 50.0 15.453000
-56.1 -50.0 55.2 50.0 15.464000
-43.0 -50.0 47.3 50.0 15.476000
-42.1 -50.0 50.0 50.0 15.487000
-44.7 -50.0 39.4 50.0 15.499000
-45.6 -50.0 54.3 50.0 15.510000
-44.7 -50.0 59.6 50.0 15.522000
-55.2 -50.0 57.9 50.0 15.533000
-54.3 -50.0 44.7 50.0 15.545000
-49.1 -50.0 44.7 50.0 15.556000
-48.2 -50.0 43.0 50.0 15.568000
-48.2 -50.0 53.5 50.0 15.580000
-44.7 -50.0 58.7 50.0 15.591000
-50.0 -50.0 51.7 50.0 15.603000
-48.2 -50.0 56.1 50.0 15.614000
-50.8 -50.0 50.0 50.0 15.626000
-49.1 -50.0 45.6 50.0 15.637000
-47.3 -50.0 41.2 50.0 15.649000
-47.3 -50.0 56.1 50.0 15.660000
-47.3 -50.0 61.4 50.0 15.672000
-54.3 -50.0 57.9 50.0 15.683000
-49.1 -50.0 45.6 50.0 15.695000
-46.5 -50.0 45.6 50.0 15.706000
-46.5 -50.0 41.2 50.0 15.718000
-47.3 -50.0 53.5 50.0 15.730000
-46.5 -50.0 64.9 50.0 15.741000
-52.6 -50.0 53.5 50.0 15.753000
-50.0 -50.0 56.1 50.0 15.764000
-49.1 -50.0 42.1 50.0 15.776000
-48.2 -50.0 41.2 50.0 15.787000
-49.1 -50.0 43.8 50.0 15.799000
-47.3 -50.0 53.5 50.0 15.810000
-48.2 -50.0 58.7 50.0 15.822000
-50.8 -50.0 50.8 50.0 15.833000
-50.8 -50.0 51.7 50.0 15.845000
-50.8 -50.0 44.7 50.0 15.856000
-50.8 -50.0 39.4 50.0 15.868000
-48.2 -50.0 54.3 50.0 15.880000
-48.2 -50.0 59.6 50.0 15.891000
-56.1 -50.0 56.1 50.0 15.903000
-51.7 -50.0 43.8 50.0 15.914000
-50.0 -50.0 43.8 50.0 15.927000
-47.3 -50.0 38.6 50.0 15.939000
-47.3 -50.0 53.5 50.0 15.950000
-46.5 -50.0 58.7 50.0 15.962000
-58.7 -50.0 59.6 50.0 15.973000
-50.8 -50.0 46.5 50.0 15.985000
-45.6 -50.0 44.7 50.0 15.996000
-48.2 -50.0 37.7 50.0 16.008000
-48.2 -50.0 50.0 50.0 16.020000
-48.2 -50.0 59.6 50.0 16.031000
-52.6 -50.0 49.1 50.0 16.043000
-50.8 -50.0 57.9 50.0 16.054000
-50.0 -50.0 44.7 50.0 16.066000
-50.0 -50.0 40.3 50.0 16.077000
-49.1 -50.0 52.6 50.0 16.089000
-48.2 -50.0 54.3 50.0 16.100000
-49.1 -50.0 60.5 50.0 16.112000
-54.3 -50.0 51.7 50.0 16.123000
-50.0 -50.0 50.8 50.0 16.135000
-49.1 -50.0 42.1 50.0 16.147000
-48.2 -50.0 40.3 50.0 16.158000
-48.2 -50.0 56.1 50.0 16.170000
-48.2 -50.0 57.0 50.0 16.181000
-55.2 -50.0 47.3 50.0 16.193000
-49.1 -50.0 51.7 50.0 16.204000
-47.3 -50.0 46.5 50.0 16.216000
-48.2 -50.0 41.2 50.0 16.227000
-49.1 -50.0 54.3 50.0 16.239000
-49.1 -50.0 58.7 50.0 16.250000
-57.9 -50.0 55.2 50.0 16.262000
-56.1 -50.0 45.6 50.0 16.273000
-47.3 -50.0 43.0 50.0 16.285000
-47.3 -50.0 43.0 50.0 16.297000
-47.3 -50.0 45.6 50.0 16.308000
-50.0 -50.0 57.9 50.0 16.320000
-51.7 -50.0 49.1 50.0 16.331000
-49.1 -50.0 57.0 50.0 16.343000
-50.0 -50.0 43.8 50.0 16.354000
-47.3 -50.0 45.6 50.0 16.366000
-46.5 -50.0 45.6 50.0 16.377000
-48.2 -50.0 53.5 50.0 16.389000
-46.5 -50.0 61.4 50.0 16.401000
-54.3 -50.0 50.8 50.0 16.412000
-49.1 -50.0 49.1 50.0 16.423000
-49.1 -50.0 47.3 50.0 16.435000
-48.2 -50.0 43.0 50.0 16.447000
-46.5 -50.0 48.2 50.0 16.458000
-49.1 -50.0 59.6 50.0 16.469000
-55.2 -50.0 58.7 50.0 16.481000
-51.7 -50.0 43.0 50.0 16.493000
-49.1 -50.0 43.0 50.0 16.504000
-48.2 -50.0 43.0 50.0 16.516000
-45.6 -50.0 46.5 50.0 16.527000
-48.2 -50.0 60.5 50.0 16.539000
-52.6 -50.0 50.8 50.0 16.550000
-52.6 -50.0 53.5 50.0 16.562000
-50.0 -50.0 47.3 50.0 16.573000
-48.2 -50.0 43.0 50.0 16.585000
-45.6 -50.0 43.8 50.0 16.596000
-48.2 -50.0 58.7 50.0 16.608000
-51.7 -50.0 52.6 50.0 16.620000
-47.3 -50.0 56.1 50.0 16.631000
-46.5 -50.0 43.0 50.0 16.643000
-46.5 -50.0 44.7 50.0 16.654000
-48.2 -50.0 40.3 50.0 16.666000
-46.5 -50.0 51.7 50.0 16.677000
-47.3 -50.0 61.4 50.0 16.689000
-54.3 -50.0 57.9 50.0 16.700000
-52.6 -50.0 45.6 50.0 16.712000
-46.5 -50.0 44.7 50.0 16.723000
-45.6 -50.0 43.8 50.0 16.735000
-52.6 -50.0 47.3 50.0 16.746000
-51.7 -50.0 54.3 50.0 16.758000
-49.1 -50.0 61.4 50.0 16.769000
-55.2 -50.0 58.7 50.0 16.781000
-50.8 -50.0 40.3 50.0 16.792000
-47.3 -50.0 49.1 50.0 16.804000
-45.6 -50.0 50.0 50.0 16.815000
-55.2 -50.0 50.8 50.0 16.827000
-53.5 -50.0 57.9 50.0 16.839000
-52.6 -50.0 58.7 50.0 16.850000
-50.8 -50.0 41.2 50.0 16.862000
-50.0 -50.0 43.0 50.0 16.873000
-46.5 -50.0 46.5 50.0 16.885000
-43.8 -50.0 55.2 50.0 16.896000
-56.1 -50.0 56.1 50.0 16.908000
-57.0 -50.0 51.7 50.0 16.919000
-50.8 -50.0 52.6 50.0 16.931000
-48.2 -50.0 46.5 50.0 16.942000
-46.5 -50.0 42.1 50.0 16.954000
-45.6 -50.0 52.6 50.0 16.965000
-43.8 -50.0 60.5 50.0 16.977000
-52.6 -50.0 45.6 50.0 16.989000
-50.8 -50.0 48.2 50.0 17.000000
-47.3 -50.0 49.1 50.0 17.012000
-47.3 -50.0 42.1 50.0 17.023000
-43.0 -50.0 43.8 50.0 17.035000
-57.0 -50.0 55.2 50.0 17.046000
-52.6 -50.0 63.1 50.0 17.058000
-53.5 -50.0 56.1 50.0 17.069000
-49.1 -50.0 43.0 50.0 17.081000
-47.3 -50.0 43.8 50.0 17.092000
-46.5 -50.0 46.5 50.0 17.104000
-57.9 -50.0 57.0 50.0 17.115000
-55.2 -50.0 47.3 50.0 17.127000
-50.8 -50.0 57.9 50.0 17.138000
-47.3 -50.0 41.2 50.0 17.150000
-47.3 -50.0 43.0 50.0 17.161000
-45.6 -50.0 43.8 50.0 17.173000
-54.3 -50.0 50.8 50.0 17.185000
-51.7 -50.0 57.0 50.0 17.196000
-48.2 -50.0 58.7 50.0 17.208000
-49.1 -50.0 46.5 50.0 17.219000
-47.3 -50.0 45.6 50.0 17.231000
-48.2 -50.0 42.1 50.0 17.243000
-46.5 -50.0 53.5 50.0 17.254000
-58.7 -50.0 58.7 50.0 17.266000
-54.3 -50.0 48.2 50.0 17.277000
-50.0 -50.0 50.8 50.0 17.289000
-50.0 -50.0 48.2 50.0 17.300000
-50.0 -50.0 43.8 50.0 17.312000
-48.2 -50.0 50.8 50.0 17.323000
-46.5 -50.0 58.7 50.0 17.335000
-56.1 -50.0 58.7 50.0 17.346000
-52.6 -50.0 44.7 50.0 17.358000
-49.1 -50.0 46.5 50.0 17.369000
-47.3 -50.0 44.7 50.0 17.381000
-47.3 -50.0 48.2 50.0 17.392000
-48.2 -50.0 55.2 50.0 17.404000
-48.2 -50.0 61.4 50.0 17.415000
-51.7 -50.0 56.1 50.0 17.427000
-49.1 -50.0 40.3 50.0 17.439000
-47.3 -50.0 43.0 50.0 17.450000
-49.1 -50.0 50.0 50.0 17.462000
-50.0 -50.0 60.5 50.0 17.475000
-50.8 -50.0 48.2 50.0 17.486000
-52.6 -50.0 57.9 50.0 17.498000
-50.0 -50.0 41.2 50.0 17.509000
-49.1 -50.0 45.6 50.0 17.521000
-48.2 -50.0 43.8 50.0 17.532000
-47.3 -50.0 51.7 50.0 17.544000
-49.1 -50.0 60.5 50.0 17.555000
-51.7 -50.0 50.0 50.0 17.567000
-49.1 -50.0 50.8 50.0 17.579000
-50.0 -50.0 46.5 50.0 17.590000
-46.5 -50.0 38.6 50.0 17.602000
-52.6 -50.0 58.7 50.0 17.613000
-55.2 -50.0 49.1 50.0 17.625000
-53.5 -50.0 58.7 50.0 17.636000
-49.1 -50.0 47.3 50.0 17.648000
-48.2 -50.0 44.7 50.0 17.659000
-46.5 -50.0 39.4 50.0 17.671000
-49.1 -50.0 52.6 50.0 17.682000
-48.2 -50.0 60.5 50.0 17.694000
-56.1 -50.0 50.8 50.0 17.705000
-51.7 -50.0 54.3 50.0 17.717000
-49.1 -50.0 49.1 50.0 17.728000
-47.3 -50.0 43.0 50.0 17.740000
-44.7 -50.0 43.0 50.0 17.752000
-58.7 -50.0 56.1 50.0 17.763000
-53.5 -50.0 61.4 50.0 17.775000
-55.2 -50.0 57.0 50.0 17.786000
-50.0 -50.0 43.0 50.0 17.798000
-49.1 -50.0 43.8 50.0 17.809000
-44.7 -50.0 43.0 50.0 17.821000
-57.0 -50.0 47.3 50.0 17.832000
-50.8 -50.0 57.9 50.0 17.844000
-55.2 -50.0 51.7 50.0 17.855000
-50.8 -50.0 48.2 50.0 17.867000
-49.1 -50.0 43.8 50.0 17.879000
-48.2 -50.0 48.2 50.0 17.890000
-47.3 -50.0 53.5 50.0 17.902000
-48.2 -50.0 60.5 50.0 17.913000
-53.5 -50.0 50.8 50.0 17.925000
-47.3 -50.0 50.8 50.0 17.936000
-48.2 -50.0 50.0 50.0 17.948000
-43.8 -50.0 41.2 50.0 17.959000
-54.3 -50.0 46.5 50.0 17.971000
-48.2 -50.0 57.9 50.0 17.982000
-53.5 -50.0 54.3 50.0 17.994000
-50.0 -50.0 50.8 50.0 18.005000
-46.5 -50.0 46.5 50.0 18.017000
-41.2 -50.0 37.7 50.0 18.028000
-50.0 -50.0 54.3 50.0 18.040000
-47.3 -50.0 60.5 50.0 18.052000
-54.3 -50.0 57.9 50.0 18.063000
-56.1 -50.0 44.7 50.0 18.075000
-49.1 -50.0 46.5 50.0 18.086000
-44.7 -50.0 40.3 50.0 18.098000
-46.5 -50.0 47.3 50.0 18.109000
-58.7 -50.0 53.5 50.0 18.121000
-54.3 -50.0 62.2 50.0 18.132000
-56.1 -50.0 51.7 50.0 18.144000
-49.1 -50.0 50.0 50.0 18.155000
-44.7 -50.0 41.2 50.0 18.167000
-46.5 -50.0 39.4 50.0 18.178000
-44.7 -50.0 55.2 50.0 18.190000
-56.1 -50.0 63.1 50.0 18.201000
-50.8 -50.0 49.1 50.0 18.213000
-50.0 -50.0 48.2 50.0 18.224000
-48.2 -50.0 49.1 50.0 18.236000
-43.8 -50.0 40.3 50.0 18.247000
-50.8 -50.0 56.1 50.0 18.259000
-54.3 -50.0 56.1 50.0 18.270000
-52.6 -50.0 45.6 50.0 18.282000
-50.0 -50.0 50.8 50.0 18.293000
-46.5 -50.0 49.1 50.0 18.305000
-43.8 -50.0 39.4 50.0 18.316000
-50.0 -50.0 56.1 50.0 18.328000
-51.7 -50.0 48.2 50.0 18.339000
-50.0 -50.0 59.6 50.0 18.351000
-48.2 -50.0 44.7 50.0 18.362000
-47.3 -50.0 47.3 50.0 18.374000
-44.7 -50.0 43.8 50.0 18.385000
-54.3 -50.0 47.3 50.0 18.397000
-51.7 -50.0 57.9 50.0 18.409000
-60.5 -50.0 57.9 50.0 18.420000
-55.2 -50.0 45.6 50.0 18.432000
-49.1 -50.0 47.3 50.0 18.443000
-47.3 -50.0 43.0 50.0 18.455000
-45.6 -50.0 43.0 50.0 18.466000
-56.1 -50.0 53.5 50.0 18.478000
-50.0 -50.0 60.5 50.0 18.489000
-52.6 -50.0 57.9 50.0 18.501000
-49.1 -50.0 40.3 50.0 18.512000
-45.6 -50.0 50.0 50.0 18.524000
-46.5 -50.0 45.6 50.0 18.535000
-47.3 -50.0 54.3 50.0 18.547000
-47.3 -50.0 60.5 50.0 18.558000
-54.3 -50.0 50.8 50.0 18.570000
-48.2 -50.0 53.5 50.0 18.582000
-50.0 -50.0 49.1 50.0 18.593000
-48.2 -50.0 43.0 50.0 18.605000
-47.3 -50.0 52.6 50.0 18.616000
-46.5 -50.0 57.9 50.0 18.628000
-54.3 -50.0 48.2 50.0 18.639000
-52.6 -50.0 50.8 50.0 18.651000
-50.0 -50.0 50.8 50.0 18.662000
-47.3 -50.0 44.7 50.0 18.674000
-46.5 -50.0 53.5 50.0 18.685000
-54.3 -50.0 53.5 50.0 18.697000
-52.6 -50.0 43.0 50.0 18.708000
-49.1 -50.0 57.0 50.0 18.720000
-50.8 -50.0 43.8 50.0 18.731000
-47.3 -50.0 44.7 50.0 18.743000
-44.7 -50.0 46.5 50.0 18.756000
-55.2 -50.0 55.2 50.0 18.767000
-54.3 -50.0 46.5 50.0 18.779000
-51.7 -50.0 56.1 50.0 18.790000
-51.7 -50.0 44.7 50.0 18.802000
-47.3 -50.0 43.0 50.0 18.813000
-45.6 -50.0 41.2 50.0 18.825000
-54.3 -50.0 59.6 50.0 18.836000
-56.1 -50.0 53.5 50.0 18.848000
-50.0 -50.0 57.9 50.0 18.859000
-49.1 -50.0 44.7 50.0 18.871000
-49.1 -50.0 45.6 50.0 18.882000
-46.5 -50.0 46.5 50.0 18.894000
-47.3 -50.0 56.1 50.0 18.905000
-52.6 -50.0 57.0 50.0 18.917000
-53.5 -50.0 46.5 50.0 18.928000
-50.8 -50.0 50.8 50.0 18.941000
-50.0 -50.0 46.5 50.0 18.953000
-46.5 -50.0 45.6 50.0 18.964000
-47.3 -50.0 56.1 50.0 18.976000
-57.0 -50.0 52.6 50.0 18.987000
-50.8 -50.0 57.9 50.0 18.999000
-50.8 -50.0 45.6 50.0 19.011000
-50.0 -50.0 46.5 50.0 19.022000
-45.6 -50.0 40.3 50.0 19.034000
-49.1 -50.0 54.3 50.0 19.045000
-47.3 -50.0 61.4 50.0 19.057000
-53.5 -50.0 53.5 50.0 19.068000
-56.1 -50.0 45.6 50.0 19.080000
-50.8 -50.0 47.3 50.0 19.091000
-47.3 -50.0 43.8 50.0 19.103000
-45.6 -50.0 43.0 50.0 19.114000
-47.3 -50.0 57.0 50.0 19.126000
-51.7 -50.0 49.1 50.0 19.137000
-51.7 -50.0 57.9 50.0 19.149000
-49.1 -50.0 45.6 50.0 19.160000
-50.8 -50.0 45.6 50.0 19.172000
-45.6 -50.0 47.3 50.0 19.183000
-54.3 -50.0 48.2 50.0 19.195000
-51.7 -50.0 57.0 50.0 19.206000
-55.2 -50.0 50.0 50.0 19.218000
-49.1 -50.0 51.7 50.0 19.230000
-49.1 -50.0 48.2 50.0 19.241000
-46.5 -50.0 40.3 50.0 19.253000
-46.5 -50.0 56.1 50.0 19.264000
-52.6 -50.0 50.8 50.0 19.276000
-48.2 -50.0 58.7 50.0 19.287000
-47.3 -50.0 46.5 50.0 19.299000
-48.2 -50.0 48.2 50.0 19.312000
-45.6 -50.0 39.4 50.0 19.323000
-53.5 -50.0 58.7 50.0 19.335000
-51.7 -50.0 45.6 50.0 19.346000
-51.7 -50.0 58.7 50.0 19.358000
-50.8 -50.0 48.2 50.0 19.369000
-48.2 -50.0 49.1 50.0 19.381000
-43.0 -50.0 44.7 50.0 19.392000
-47.3 -50.0 46.5 50.0 19.404000
-58.7 -50.0 52.6 50.0 19.415000
-53.5 -50.0 61.4 50.0 19.427000
-52.6 -50.0 50.0 50.0 19.438000
-48.2 -50.0 48.2 50.0 19.450000
-45.6 -50.0 43.0 50.0 19.462000
-53.5 -50.0 46.5 50.0 19.473000
-50.0 -50.0 54.3 50.0 19.485000
-48.2 -50.0 60.5 50.0 19.496000
-51.7 -50.0 52.6 50.0 19.508000
-49.1 -50.0 50.0 50.0 19.519000
-47.3 -50.0 43.0 50.0 19.531000
-45.6 -50.0 43.0 50.0 19.542000
-54.3 -50.0 51.7 50.0 19.554000
-50.8 -50.0 59.6 50.0 19.565000
-48.2 -50.0 49.1 50.0 19.577000
-47.3 -50.0 50.8 50.0 19.588000
-50.0 -50.0 50.0 50.0 19.600000
-47.3 -50.0 43.0 50.0 19.611000
-54.3 -50.0 50.0 50.0 19.623000
-50.8 -50.0 57.0 50.0 19.634000
-52.6 -50.0 47.3 50.0 19.646000
-47.3 -50.0 49.1 50.0 19.657000
-46.5 -50.0 51.7 50.0 19.669000
-55.2 -50.0 43.8 50.0 19.681000
-50.8 -50.0 54.3 50.0 19.692000
-48.2 -50.0 61.4 50.0 19.704000
-54.3 -50.0 56.1 50.0 19.715000
-49.1 -50.0 41.2 50.0 19.727000
-45.6 -50.0 49.1 50.0 19.738000
-53.5 -50.0 47.3 50.0 19.750000
-51.7 -50.0 58.7 50.0 19.761000
-50.8 -50.0 44.7 50.0 19.773000
-51.7 -50.0 60.5 50.0 19.784000
-50.0 -50.0 48.2 50.0 19.796000
-48.2 -50.0 50.0 50.0 19.807000
-45.6 -50.0 47.3 50.0 19.819000
-54.3 -50.0 50.0 50.0 19.830000
-50.0 -50.0 55.2 50.0 19.842000
-52.6 -50.0 55.2 50.0 19.853000
-55.2 -50.0 47.3 50.0 19.865000
-46.5 -50.0 49.1 50.0 19.876000
-46.5 -50.0 46.5 50.0 19.888000
-46.5 -50.0 44.7 50.0 19.900000
-45.6 -50.0 59.6 50.0 19.911000
-52.6 -50.0 47.3 50.0 19.923000
-52.6 -50.0 57.0 50.0 19.934000
-49.1 -50.0 45.6 50.0 19.946000
-49.1 -50.0 47.3 50.0 19.957000
-48.2 -50.0 50.0 50.0 19.969000
-48.2 -50.0 53.5 50.0 19.980000
-53.5 -50.0 48.2 50.0 19.992000
-50.0 -50.0 57.9 -50.0 20.003000
-46.5 -50.0 -35.9 -50.0 20.015000
-50.0 -50.0 -35.1 -50.0 20.026000
-48.2 -50.0 -37.7 -50.0 20.038000
-48.2 -50.0 -30.7 -50.0 20.049000
-50.0 -50.0 -28.0 -50.0 20.061000
-48.2 -50.0 -30.7 -50.0 20.072000
-47.3 -50.0 -35.9 -50.0 20.084000
-50.0 -50.0 -37.7 -50.0 20.096000
-51.7 -50.0 -42.1 -50.0 20.107000
-49.1 -50.0 -35.1 -50.0 20.118000
-48.2 -50.0 -36.8 -50.0 20.130000
-49.1 -50.0 -35.9 -50.0 20.142000
-48.2 -50.0 -35.9 -50.0 20.153000
-51.7 -50.0 -37.7 -50.0 20.164000
-54.3 -50.0 -36.8 -50.0 20.176000
-50.0 -50.0 -35.1 -50.0 20.188000
-48.2 -50.0 -44.7 -50.0 20.199000
-48.2 -50.0 -40.3 -50.0 20.211000
-55.2 -50.0 -44.7 -50.0 20.222000
-52.6 -50.0 -42.1 -50.0 20.234000
-49.1 -50.0 -45.6 -50.0 20.245000
-48.2 -50.0 -48.2 -50.0 20.257000
-48.2 -50.0 -39.4 -50.0 20.268000
-48.2 -50.0 -43.8 -50.0 20.280000
-49.1 -50.0 -45.6 -50.0 20.291000
-48.2 -50.0 -45.6 -50.0 20.303000
-54.3 -50.0 -47.3 -50.0 20.315000
-52.6 -50.0 -55.2 -50.0 20.326000
-49.1 -50.0 -42.1 -50.0 20.337000
-49.1 -50.0 -43.8 -50.0 20.349000
-48.2 -50.0 -44.7 -50.0 20.361000
-48.2 -50.0 -46.5 -50.0 20.372000
-57.0 -50.0 -48.2 -50.0 20.384000
-51.7 -50.0 -55.2 -50.0 20.395000
-49.1 -50.0 -40.3 -50.0 20.407000
-50.8 -50.0 -46.5 -50.0 20.418000
-50.0 -50.0 -46.5 -50.0 20.430000
-49.1 -50.0 -45.6 -50.0 20.441000
-50.0 -50.0 -50.0 -50.0 20.453000
-50.0 -50.0 -55.2 -50.0 20.464000
-49.1 -50.0 -43.0 -50.0 20.476000
-48.2 -50.0 -48.2 -50.0 20.487000
-50.0 -50.0 -47.3 -50.0 20.499000
-50.0 -50.0 -46.5 -50.0 20.510000
-49.1 -50.0 -46.5 -50.0 20.522000
-48.2 -50.0 -50.0 -50.0 20.533000
-47.3 -50.0 -56.1 -50.0 20.545000
-54.3 -50.0 -43.8 -50.0 20.556000
-51.7 -50.0 -43.8 -50.0 20.568000
-50.0 -50.0 -44.7 -50.0 20.580000
-48.2 -50.0 -45.6 -50.0 20.591000
-49.1 -50.0 -47.3 -50.0 20.603000
-48.2 -50.0 -56.1 -50.0 20.614000
-48.2 -50.0 -49.1 -50.0 20.626000
-57.9 -50.0 -48.2 -50.0 20.637000
-50.8 -50.0 -46.5 -50.0 20.649000
-49.1 -50.0 -47.3 -50.0 20.660000
-49.1 -50.0 -50.0 -50.0 20.672000
-48.2 -50.0 -54.3 -50.0 20.683000
-48.2 -50.0 -51.7 -50.0 20.695000
-49.1 -50.0 -48.2 -50.0 20.706000
-48.2 -50.0 -47.3 -50.0 20.718000
-54.3 -50.0 -46.5 -50.0 20.730000
-53.5 -50.0 -47.3 -50.0 20.741000
-48.2 -50.0 -53.5 -50.0 20.752000
-48.2 -50.0 -52.6 -50.0 20.764000
-45.6 -50.0 -47.3 -50.0 20.776000
-53.5 -50.0 -44.7 -50.0 20.787000
-53.5 -50.0 -46.5 -50.0 20.799000
-50.0 -50.0 -46.5 -50.0 20.810000
-48.2 -50.0 -52.6 -50.0 20.822000
-47.3 -50.0 -57.9 -50.0 20.833000
-54.3 -50.0 -51.7 -50.0 20.845000
-50.0 -50.0 -48.2 -50.0 20.857000
-44.7 -50.0 -45.6 -50.0 20.868000
-49.1 -50.0 -44.7 -50.0 20.880000
-51.7 -50.0 -49.1 -50.0 20.891000
-47.3 -50.0 -58.7 -50.0 20.903000
-56.1 -50.0 -50.0 -50.0 20.914000
-51.7 -50.0 -48.2 -50.0 20.926000
-48.2 -50.0 -46.5 -50.0 20.937000
-47.3 -50.0 -46.5 -50.0 20.949000
-50.0 -50.0 -50.8 -50.0 20.960000
-50.0 -50.0 -55.2 -50.0 20.972000
-48.2 -50.0 -52.6 -50.0 20.983000
-52.6 -50.0 -48.2 -50.0 20.995000
-53.5 -50.0 -48.2 -50.0 21.006000
-48.2 -50.0 -48.2 -50.0 21.018000
-48.2 -50.0 -48.2 -50.0 21.029000
-47.3 -50.0 -53.5 -50.0 21.041000
-52.6 -50.0 -52.6 -50.0 21.053000
-54.3 -50.0 -48.2 -50.0 21.064000
-48.2 -50.0 -43.0 -50.0 21.076000
-49.1 -50.0 -53.5 -50.0 21.087000
-47.3 -50.0 -49.1 -50.0 21.099000
-54.3 -50.0 -53.5 -50.0 21.110000
-49.1 -50.0 -53.5 -50.0 21.122000
-48.2 -50.0 -49.1 -50.0 21.133000
-49.1 -50.0 -45.6 -50.0 21.145000
-50.0 -50.0 -44.7 -50.0 21.156000
-50.0 -50.0 -52.6 -50.0 21.168000
-47.3 -50.0 -47.3 -50.0 21.181000
-52.6 -50.0 -56.1 -50.0 21.192000
-49.1 -50.0 -50.0 -50.0 21.204000
-49.1 -50.0 -48.2 -50.0 21.215000
-47.3 -50.0 -43.8 -50.0 21.227000
-51.7 -50.0 -53.5 -50.0 21.238000
-50.8 -50.0 -50.0 -50.0 21.250000
-48.2 -50.0 -57.0 -50.0 21.263000
-53.5 -50.0 -51.7 -50.0 21.274000
-48.2 -50.0 -47.3 -50.0 21.286000
-54.3 -50.0 -44.7 -50.0 21.297000
-51.7 -50.0 -53.5 -50.0 21.309000
-49.1 -50.0 -49.1 -50.0 21.320000
-47.3 -50.0 -57.0 -50.0 21.332000
-54.3 -50.0 -52.6 -50.0 21.343000
-51.7 -50.0 -47.3 -50.0 21.355000
-49.1 -50.0 -41.2 -50.0 21.366000
-48.2 -50.0 -53.5 -50.0 21.378000
-48.2 -50.0 -50.0 -50.0 21.390000
-49.1 -50.0 -57.9 -50.0 21.401000
-46.5 -50.0 -50.8 -50.0 21.413000
-54.3 -50.0 -50.8 -50.0 21.424000
-51.7 -50.0 -42.1 -50.0 21.437000
-49.1 -50.0 -52.6 -50.0 21.449000
-49.1 -50.0 -50.8 -50.0 21.460000
-48.2 -50.0 -56.1 -50.0 21.472000
-47.3 -50.0 -51.7 -50.0 21.484000
-55.2 -50.0 -50.8 -50.0 21.495000
-54.3 -50.0 -45.6 -50.0 21.507000
-50.0 -50.0 -47.3 -50.0 21.518000
-48.2 -50.0 -46.5 -50.0 21.530000
-50.0 -50.0 -56.1 -50.0 21.541000
-48.2 -50.0 -54.3 -50.0 21.553000
-48.2 -50.0 -48.2 -50.0 21.564000
-48.2 -50.0 -48.2 -50.0 21.576000
-55.2 -50.0 -47.3 -50.0 21.587000
-52.6 -50.0 -46.5 -50.0 21.599000
-50.0 -50.0 -51.7 -50.0 21.610000
-48.2 -50.0 -57.9 -50.0 21.622000
-48.2 -50.0 -49.1 -50.0 21.634000
-48.2 -50.0 -46.5 -50.0 21.646000
-48.2 -50.0 -46.5 -50.0 21.658000
-53.5 -50.0 -46.5 -50.0 21.669000
-51.7 -50.0 -48.2 -50.0 21.681000
-46.5 -50.0 -57.9 -50.0 21.693000
-54.3 -50.0 -50.0 -50.0 21.704000
-48.2 -50.0 -47.3 -50.0 21.716000
-49.1 -50.0 -46.5 -50.0 21.727000
-48.2 -50.0 -45.6 -50.0 21.739000
-48.2 -50.0 -49.1 -50.0 21.750000
-55.2 -50.0 -57.0 -50.0 21.762000
-52.6 -50.0 -50.0 -50.0 21.773000
-50.0 -50.0 -49.1 -50.0 21.785000
-48.2 -50.0 -44.7 -50.0 21.796000
-47.3 -50.0 -53.5 -50.0 21.808000
-52.6 -50.0 -50.0 -50.0 21.819000
-53.5 -50.0 -56.1 -50.0 21.831000
-48.2 -50.0 -50.0 -50.0 21.842000
-50.0 -50.0 -47.3 -50.0 21.854000
-48.2 -50.0 -47.3 -50.0 21.865000
-50.0 -50.0 -47.3 -50.0 21.877000
-49.1 -50.0 -46.5 -50.0 21.889000
-47.3 -50.0 -54.3 -50.0 21.900000
-55.2 -50.0 -54.3 -50.0 21.912000
-51.7 -50.0 -48.2 -50.0 21.923000
-50.0 -50.0 -48.2 -50.0 21.935000
-47.3 -50.0 -46.5 -50.0 21.946000
-52.6 -50.0 -46.5 -50.0 21.958000
-49.1 -50.0 -52.6 -50.0 21.969000
-50.0 -50.0 -55.2 -50.0 21.981000
-48.2 -50.0 -50.0 -50.0 21.992000
-49.1 -50.0 -49.1 -50.0 22.004000
-48.2 -50.0 -44.7 -50.0 22.016000
-48.2 -50.0 -52.6 -50.0 22.027000
-48.2 -50.0 -49.1 -50.0 22.039000
-52.6 -50.0 -58.7 -50.0 22.050000
-51.7 -50.0 -52.6 -50.0 22.062000
-49.1 -50.0 -47.3 -50.0 22.073000
-48.2 -50.0 -43.8 -50.0 22.085000
-48.2 -50.0 -52.6 -50.0 22.096000
-56.1 -50.0 -51.7 -50.0 22.108000
-51.7 -50.0 -57.9 -50.0 22.119000
-50.0 -50.0 -50.8 -50.0 22.131000
-48.2 -50.0 -48.2 -50.0 22.142000
-46.5 -50.0 -42.1 -50.0 22.154000
-52.6 -50.0 -53.5 -50.0 22.165000
-52.6 -50.0 -50.0 -50.0 22.177000
-50.0 -50.0 -56.1 -50.0 22.188000
-48.2 -50.0 -51.7 -50.0 22.200000
-48.2 -50.0 -50.0 -50.0 22.211000
-48.2 -50.0 -48.2 -50.0 22.223000
-46.5 -50.0 -45.6 -50.0 22.234000
-49.1 -50.0 -47.3 -50.0 22.246000
-50.0 -50.0 -53.5 -50.0 22.257000
-48.2 -50.0 -57.9 -50.0 22.269000
-54.3 -50.0 -50.0 -50.0 22.280000
-50.0 -50.0 -47.3 -50.0 22.292000
-49.1 -50.0 -47.3 -50.0 22.303000
-47.3 -50.0 -47.3 -50.0 22.315000
-54.3 -50.0 -49.1 -50.0 22.327000
-49.1 -50.0 -55.2 -50.0 22.338000
-48.2 -50.0 -50.8 -50.0 22.350000
-57.0 -50.0 -47.3 -50.0 22.361000
-53.5 -50.0 -44.7 -50.0 22.373000
-49.1 -50.0 -45.6 -50.0 22.384000
-48.2 -50.0 -48.2 -50.0 22.396000
-46.5 -50.0 -56.1 -50.0 22.407000
-50.8 -50.0 -51.7 -50.0 22.419000
-50.8 -50.0 -48.2 -50.0 22.430000
-48.2 -50.0 -44.7 -50.0 22.442000
-50.0 -50.0 -47.3 -50.0 22.453000
-48.2 -50.0 -48.2 -50.0 22.465000
-55.2 -50.0 -57.0 -50.0 22.476000
-50.8 -50.0 -52.6 -50.0 22.488000
-46.5 -50.0 -51.7 -50.0 22.499000
-53.5 -50.0 -47.3 -50.0 22.511000
-55.2 -50.0 -47.3 -50.0 22.523000
-48.2 -50.0 -46.5 -50.0 22.534000
-50.0 -50.0 -51.7 -50.0 22.546000
-49.1 -50.0 -56.1 -50.0 22.557000
-49.1 -50.0 -48.2 -50.0 22.569000
-47.3 -50.0 -47.3 -50.0 22.580000
-54.3 -50.0 -48.2 -50.0 22.592000
-50.8 -50.0 -46.5 -50.0 22.603000
-49.1 -50.0 -48.2 -50.0 22.615000
-46.5 -50.0 -57.0 -50.0 22.626000
-52.6 -50.0 -51.7 -50.0 22.638000
-50.0 -50.0 -43.8 -50.0 22.649000
-50.0 -50.0 -53.5 -50.0 22.661000
-46.5 -50.0 -48.2 -50.0 22.674000
-53.5 -50.0 -50.8 -50.0 22.685000
-50.0 -50.0 -57.9 -50.0 22.697000
-50.0 -50.0 -50.8 -50.0 22.708000
-49.1 -50.0 -43.8 -50.0 22.720000
-49.1 -50.0 -53.5 -50.0 22.731000
-47.3 -50.0 -48.2 -50.0 22.743000
-53.5 -50.0 -46.5 -50.0 22.754000
-49.1 -50.0 -55.2 -50.0 22.766000
-49.1 -50.0 -51.7 -50.0 22.777000
-48.2 -50.0 -48.2 -50.0 22.789000
-49.1 -50.0 -43.0 -50.0 22.800000
-50.0 -50.0 -52.6 -50.0 22.812000
-47.3 -50.0 -49.1 -50.0 22.823000
-55.2 -50.0 -55.2 -50.0 22.835000
-51.7 -50.0 -51.7 -50.0 22.847000
-50.0 -50.0 -50.0 -50.0 22.858000
-48.2 -50.0 -44.7 -50.0 22.870000
-49.1 -50.0 -47.3 -50.0 22.881000
-49.1 -50.0 -46.5 -50.0 22.893000
-49.1 -50.0 -50.8 -50.0 22.904000
-48.2 -50.0 -53.5 -50.0 22.916000
-48.2 -50.0 -47.3 -50.0 22.927000
-53.5 -50.0 -48.2 -50.0 22.939000
-54.3 -50.0 -47.3 -50.0 22.950000
-50.0 -50.0 -47.3 -50.0 22.962000
-49.1 -50.0 -49.1 -50.0 22.973000
-45.6 -50.0 -59.6 -50.0 22.986000
-53.5 -50.0 -50.8 -50.0 22.998000
-50.8 -50.0 -46.5 -50.0 23.009000
-49.1 -50.0 -47.3 -50.0 23.021000
-49.1 -50.0 -48.2 -50.0 23.032000
-49.1 -50.0 -50.8 -50.0 23.044000
-48.2 -50.0 -55.2 -50.0 23.056000
-49.1 -50.0 -53.5 -50.0 23.067000
-48.2 -50.0 -47.3 -50.0 23.079000
-55.2 -50.0 -45.6 -50.0 23.090000
-51.7 -50.0 -45.6 -50.0 23.102000
-50.0 -50.0 -56.1 -50.0 23.113000
-48.2 -50.0 -56.1 -50.0 23.125000
-48.2 -50.0 -51.7 -50.0 23.136000
-54.3 -50.0 -48.2 -50.0 23.148000
-53.5 -50.0 -43.8 -50.0 23.159000
-49.1 -50.0 -53.5 -50.0 23.171000
-49.1 -50.0 -49.1 -50.0 23.182000
-48.2 -50.0 -53.5 -50.0 23.194000
-47.3 -50.0 -52.6 -50.0 23.205000
-53.5 -50.0 -50.8 -50.0 23.217000
-51.7 -50.0 -42.1 -50.0 23.228000
-50.0 -50.0 -53.5 -50.0 23.240000
-49.1 -50.0 -48.2 -50.0 23.251000
-48.2 -50.0 -50.0 -50.0 23.263000
-47.3 -50.0 -56.1 -50.0 23.274000
-53.5 -50.0 -49.1 -50.0 23.286000
-49.1 -50.0 -45.6 -50.0 23.297000
-50.0 -50.0 -47.3 -50.0 23.309000
-50.0 -50.0 -47.3 -50.0 23.320000
-49.1 -50.0 -48.2 -50.0 23.332000
-50.0 -50.0 -59.6 -50.0 23.344000
-48.2 -50.0 -51.7 -50.0 23.355000
-50.0 -50.0 -50.8 -50.0 23.367000
-49.1 -50.0 -46.5 -50.0 23.378000
-50.0 -50.0 -47.3 -50.0 23.390000
-49.1 -50.0 -48.2 -50.0 23.401000
-49.1 -50.0 -52.6 -50.0 23.413000
-49.1 -50.0 -53.5 -50.0 23.424000
-47.3 -50.0 -45.6 -50.0 23.436000
-55.2 -50.0 -46.5 -50.0 23.447000
-50.0 -50.0 -45.6 -50.0 23.459000
-49.1 -50.0 -54.3 -50.0 23.471000
-49.1 -50.0 -53.5 -50.0 23.482000
-49.1 -50.0 -50.8 -50.0 23.494000
-48.2 -50.0 -50.0 -50.0 23.505000
-53.5 -50.0 -44.7 -50.0 23.517000
-57.0 -50.0 -50.8 -50.0 23.528000
-46.5 -50.0 -48.2 -50.0 23.540000
-55.2 -50.0 -50.8 -50.0 23.551000
-53.5 -50.0 -56.1 -50.0 23.563000
-49.1 -50.0 -50.8 -50.0 23.574000
-48.2 -50.0 -45.6 -50.0 23.586000
-48.2 -50.0 -45.6 -50.0 23.597000
-48.2 -50.0 -53.5 -50.0 23.609000
-46.5 -50.0 -50.8 -50.0 23.620000
-50.8 -50.0 -54.3 -50.0 23.632000
-53.5 -50.0 -50.8 -50.0 23.643000
-49.1 -50.0 -49.1 -50.0 23.655000
-47.3 -50.0 -46.5 -50.0 23.666000
-51.7 -50.0 -46.5 -50.0 23.678000
-51.7 -50.0 -47.3 -50.0 23.690000
-48.2 -50.0 -56.1 -50.0 23.701000
-46.5 -50.0 -50.0 -50.0 23.713000
-53.5 -50.0 -48.2 -50.0 23.724000
-53.5 -50.0 -45.6 -50.0 23.736000
-51.7 -50.0 -53.5 -50.0 23.747000
-48.2 -50.0 -48.2 -50.0 23.759000
-49.1 -50.0 -52.6 -50.0 23.770000
-47.3 -50.0 -51.7 -50.0 23.782000
-51.7 -50.0 -48.2 -50.0 23.793000
-50.0 -50.0 -44.7 -50.0 23.805000
-49.1 -50.0 -52.6 -50.0 23.817000
-47.3 -50.0 -49.1 -50.0 23.828000
-54.3 -50.0 -50.8 -50.0 23.840000
-52.6 -50.0 -55.2 -50.0 23.851000
-48.2 -50.0 -50.8 -50.0 23.863000
-45.6 -50.0 -40.3 -50.0 23.874000
-52.6 -50.0 -54.3 -50.0 23.886000
-48.2 -50.0 -49.1 -50.0 23.899000
-49.1 -50.0 -49.1 -50.0 23.910000
-49.1 -50.0 -55.2 -50.0 23.922000
-47.3 -50.0 -49.1 -50.0 23.933000
-54.3 -50.0 -45.6 -50.0 23.945000
-50.0 -50.0 -53.5 -50.0 23.956000
-47.3 -50.0 -49.1 -50.0 23.968000
-51.7 -50.0 -50.8 -50.0 23.979000
-50.0 -50.0 -54.3 -50.0 23.991000
-46.5 -50.0 -50.0 -50.0 24.002000
-54.3 -50.0 -49.1 -50.0 24.014000
-52.6 -50.0 -47.3 -50.0 24.025000
-49.1 -50.0 -45.6 -50.0 24.037000
-49.1 -50.0 -54.3 -50.0 24.048000
-47.3 -50.0 -56.1 -50.0 24.060000
-54.3 -50.0 -53.5 -50.0 24.071000
-51.7 -50.0 -48.2 -50.0 24.083000
-48.2 -50.0 -46.5 -50.0 24.094000
-49.1 -50.0 -47.3 -50.0 24.106000
-48.2 -50.0 -48.2 -50.0 24.118000
-48.2 -50.0 -55.2 -50.0 24.129000
-47.3 -50.0 -54.3 -50.0 24.141000
-52.6 -50.0 -47.3 -50.0 24.152000
-50.8 -50.0 -44.7 -50.0 24.164000
-50.0 -50.0 -54.3 -50.0 24.177000
-48.2 -50.0 -49.1 -50.0 24.188000
-55.2 -50.0 -54.3 -50.0 24.200000
-52.6 -50.0 -50.8 -50.0 24.211000
-50.0 -50.0 -47.3 -50.0 24.223000
-49.1 -50.0 -46.5 -50.0 24.234000
-50.0 -50.0 -45.6 -50.0 24.246000
-49.1 -50.0 -47.3 -50.0 24.257000
-47.3 -50.0 -49.1 -50.0 24.270000
-46.5 -50.0 -54.3 -50.0 24.282000
-54.3 -50.0 -48.2 -50.0 24.293000
-50.0 -50.0 -43.0 -50.0 24.305000
-49.1 -50.0 -53.5 -50.0 24.316000
-47.3 -50.0 -48.2 -50.0 24.328000
-55.2 -50.0 -50.0 -50.0 24.339000
-52.6 -50.0 -54.3 -50.0 24.351000
-48.2 -50.0 -50.0 -50.0 24.362000
-50.0 -50.0 -45.6 -50.0 24.374000
-48.2 -50.0 -51.7 -50.0 24.385000
-47.3 -50.0 -50.0 -50.0 24.397000
-57.0 -50.0 -49.1 -50.0 24.408000
-48.2 -50.0 -54.3 -50.0 24.420000
-49.1 -50.0 -49.1 -50.0 24.431000
-49.1 -50.0 -48.2 -50.0 24.443000
-48.2 -50.0 -48.2 -50.0 24.455000
-49.1 -50.0 -46.5 -50.0 24.466000
-49.1 -50.0 -55.2 -50.0 24.478000
-48.2 -50.0 -56.1 -50.0 24.489000
-54.3 -50.0 -51.7 -50.0 24.501000
-51.7 -50.0 -50.0 -50.0 24.512000
-49.1 -50.0 -46.5 -50.0 24.524000
-48.2 -50.0 -47.3 -50.0 24.535000
-49.1 -50.0 -45.6 -50.0 24.547000
-47.3 -50.0 -57.0 -50.0 24.558000
-55.2 -50.0 -54.3 -50.0 24.570000
-50.0 -50.0 -46.5 -50.0 24.582000
-49.1 -50.0 -48.2 -50.0 24.593000
-50.0 -50.0 -47.3 -50.0 24.605000
-50.0 -50.0 -46.5 -50.0 24.617000
-49.1 -50.0 -52.6 -50.0 24.629000
-49.1 -50.0 -55.2 -50.0 24.641000
-47.3 -50.0 -50.8 -50.0 24.652000
-54.3 -50.0 -44.7 -50.0 24.664000
-52.6 -50.0 -52.6 -50.0 24.675000
-48.2 -50.0 -49.1 -50.0 24.687000
-48.2 -50.0 -49.1 -50.0 24.698000
-49.1 -50.0 -53.5 -50.0 24.710000
-48.2 -50.0 -50.8 -50.0 24.721000
-54.3 -50.0 -45.6 -50.0 24.733000
-53.5 -50.0 -51.7 -50.0 24.744000
-50.8 -50.0 -50.8 -50.0 24.756000
-50.0 -50.0 -49.1 -50.0 24.767000
-48.2 -50.0 -54.3 -50.0 24.779000
-50.0 -50.0 -50.8 -50.0 24.790000
-50.0 -50.0 -48.2 -50.0 24.802000
-48.2 -50.0 -47.3 -50.0 24.813000
-50.0 -50.0 -46.5 -50.0 24.825000
-48.2 -50.0 -48.2 -50.0 24.837000
-49.1 -50.0 -55.2 -50.0 24.848000
-49.1 -50.0 -50.8 -50.0 24.860000
-50.0 -50.0 -46.5 -50.0 24.871000
-48.2 -50.0 -46.5 -50.0 24.883000
-55.2 -50.0 -45.6 -50.0 24.894000
-50.0 -50.0 -52.6 -50.0 24.906000
-48.2 -50.0 -53.5 -50.0 24.917000
-48.2 -50.0 -58.7 -50.0 24.929000
-47.3 -50.0 -46.5 -50.0 24.941000
-53.5 -50.0 -44.7 -50.0 24.952000
-52.6 -50.0 -53.5 -50.0 24.964000
-49.1 -50.0 -47.3 -50.0 24.975000
-47.3 -50.0 -50.0 -50.0 24.987000
-52.6 -50.0 -54.3 -50.0 24.998000
-51.7 0.0 -53.5 0.0 25.010000
-23.7 0.0 -7.0 0.0 25.021000
-7.0 0.0 -11.4 0.0 25.033000
-15.8 0.0 -8.8 0.0 25.044000
-9.6 0.0 -6.1 0.0 25.056000
-26.3 0.0 -0.0 0.0 25.068000
-35.9 0.0 -2.6 0.0 25.079000
-15.8 0.0 -8.8 0.0 25.091000
-4.4 0.0 -8.8 0.0 25.102000
-7.0 0.0 -7.0 0.0 25.114000
-7.9 0.0 -7.0 0.0 25.125000
-7.0 0.0 -7.0 0.0 25.137000
-8.8 0.0 -7.0 0.0 25.148000
-7.0 0.0 -7.9 0.0 25.160000
-7.9 0.0 -9.6 0.0 25.171000
-7.9 0.0 -4.4 0.0 25.183000
-8.8 0.0 -8.8 0.0 25.194000
-3.5 0.0 -13.1 0.0 25.206000
-2.6 0.0 -7.9 0.0 25.218000
-7.0 0.0 -6.1 0.0 25.229000
-2.6 0.0 -12.3 0.0 25.241000
-2.6 0.0 -13.1 0.0 25.252000
-7.0 0.0 -11.4 0.0 25.264000
-1.8 0.0 -5.3 0.0 25.275000
-1.8 0.0 0.9 0.0 25.287000
-0.9 0.0 -0.0 0.0 25.298000
-0.9 0.0 -0.0 0.0 25.310000
-6.1 0.0 -0.0 0.0 25.321000
-1.8 0.0 -0.0 0.0 25.333000
0.0 0.0 -0.0 0.0 25.344000
0.0 0.0 -0.0 0.0 25.356000
0.0 0.0 -0.9 0.0 25.368000
0.0 0.0 -0.0 0.0 25.379000
0.0 0.0 -0.0 0.0 25.391000
0.0 0.0 -0.9 0.0 25.402000
0.0 0.0 -0.0 0.0 25.414000
0.0 0.0 -0.0 0.0 25.425000
0.0 0.0 -0.9 0.0 25.437000
0.0 0.0 -0.0 0.0 25.448000
0.0 0.0 -0.0 0.0 25.460000
0.0 0.0 -0.0 0.0 25.471000
0.0 0.0 -0.0 0.0 25.483000
0.0 0.0 -0.0 0.0 25.494000
0.0 0.0 -0.0 0.0 25.506000
0.0 0.0 -0.0 0.0 25.517000
0.0 0.0 -0.0 0.0 25.529000
0.0 0.0 -0.0 0.0 25.540000
0.0 0.0 -0.0 0.0 25.552000
0.0 0.0 -0.0 0.0 25.563000
0.0 0.0 -0.0 0.0 25.575000
0.0 0.0 -0.0 0.0 25.586000
0.0 0.0 -0.9 0.0 25.598000
0.0 0.0 -0.0 0.0 25.611000
0.0 0.0 -0.0 0.0 25.622000
0.0 0.0 -0.0 0.0 25.634000
0.0 0.0 -0.0 0.0 25.645000
0.0 0.0 -0.0 0.0 25.657000
0.0 0.0 -0.0 0.0 25.668000
0.0 0.0 -0.0 0.0 25.680000
0.0 0.0 -0.0 0.0 25.692000
0.0 0.0 -0.0 0.0 25.703000
0.0 0.0 -0.0 0.0 25.715000
0.0 0.0 -0.0 0.0 25.726000
0.0 0.0 -0.0 0.0 25.738000
0.0 0.0 -0.0 0.0 25.749000
0.0 0.0 -0.0 0.0 25.761000
0.0 0.0 -0.0 0.0 25.772000
0.0 0.0 -0.0 0.0 25.784000
0.0 0.0 -0.0 0.0 25.795000
0.0 0.0 -0.0 0.0 25.807000
0.0 0.0 -0.0 0.0 25.818000
0.0 0.0 -0.0 0.0 25.830000
0.0 0.0 -0.0 0.0 25.841000
0.0 0.0 -0.0 0.0 25.853000
0.0 0.0 -0.0 0.0 25.864000
0.0 0.0 -0.0 0.0 25.876000
0.0 0.0 -0.0 0.0 25.888000
0.0 0.0 -0.0 0.0 25.899000
0.0 0.0 -0.0 0.0 25.911000
0.0 0.0 -0.0 0.0 25.922000
0.0 0.0 -0.0 0.0 25.934000
0.0 0.0 -0.0 0.0 25.945000
0.0 0.0 -0.0 0.0 25.957000
0.0 0.0 -0.0 0.0 25.968000
0.0 0.0 -0.0 0.0 25.980000
0.0 0.0 -0.0 0.0 25.991000
0.0 0.0 -0.0 0.0 26.003000
0.0 0.0 -0.0 0.0 26.014000
0.0 0.0 -0.0 0.0 26.026000
0.0 0.0 -0.0 0.0 26.037000
0.0 0.0 -0.0 0.0 26.049000
0.0 0.0 -0.0 0.0 26.060000
0.0 0.0 -0.0 0.0 26.072000
0.0 0.0 -0.0 0.0 26.085000
0.0 0.0 -0.0 0.0 26.096000
0.0 0.0 -0.0 0.0 26.108000
0.0 0.0 -0.0 0.0 26.119000
0.0 0.0 -0.0 0.0 26.131000
0.0 0.0 -0.0 0.0 26.144000
0.0 0.0 -0.0 0.0 26.155000
0.0 0.0 -0.0 0.0 26.167000
0.0 0.0 -0.0 0.0 26.178000
0.0 0.0 -0.0 0.0 26.190000
0.0 0.0 -0.0 0.0 26.201000
0.0 0.0 -0.0 0.0 26.213000
0.0 0.0 -0.0 0.0 26.224000
0.0 0.0 -0.0 0.0 26.236000
0.0 0.0 -0.0 0.0 26.247000
0.0 0.0 -0.0 0.0 26.259000
0.0 0.0 -0.9 0.0 26.272000
0.0 0.0 -0.0 0.0 26.283000
0.0 0.0 -0.0 0.0 26.295000
0.0 0.0 -0.0 0.0 26.306000
0.0 0.0 -0.0 0.0 26.318000
0.0 0.0 -0.0 0.0 26.329000
0.0 0.0 -0.0 0.0 26.341000
0.0 0.0 -0.0 0.0 26.352000
0.0 0.0 -0.0 0.0 26.364000
0.0 0.0 -0.0 0.0 26.375000
0.0 0.0 -0.0 0.0 26.387000
0.0 0.0 -0.0 0.0 26.398000
0.0 0.0 -0.0 0.0 26.410000
0.0 0.0 -0.0 0.0 26.422000
0.0 0.0 -0.0 0.0 26.433000
0.0 0.0 -0.0 0.0 26.445000
0.0 0.0 -0.0 0.0 26.456000
0.0 0.0 -0.0 0.0 26.468000
0.0 0.0 -0.0 0.0 26.479000
0.0 0.0 -0.0 0.0 26.491000
0.0 0.0 -0.0 0.0 26.502000
0.0 0.0 -0.0 0.0 26.514000
0.0 0.0 -0.0 0.0 26.525000
0.0 0.0 -0.9 0.0 26.536000
0.0 0.0 -0.0 0.0 26.548000
0.0 0.0 -0.0 0.0 26.559000
0.0 0.0 -0.0 0.0 26.571000
0.0 0.0 -0.0 0.0 26.582000
0.0 0.0 -0.0 0.0 26.594000
0.0 0.0 -0.0 0.0 26.605000
0.0 0.0 -0.0 0.0 26.617000
0.0 0.0 -0.0 0.0 26.628000
0.0 0.0 -0.0 0.0 26.640000
0.0 0.0 -0.0 0.0 26.652000
0.0 0.0 -0.0 0.0 26.663000
0.0 0.0 -0.0 0.0 26.675000
0.0 0.0 -0.0 0.0 26.686000
0.0 0.0 -0.0 0.0 26.697000
0.0 0.0 -0.0 0.0 26.709000
0.0 0.0 -0.0 0.0 26.720000
0.0 0.0 -0.9 0.0 26.732000
0.0 0.0 -0.0 0.0 26.744000
0.0 0.0 -0.0 0.0 26.755000
0.0 0.0 -0.0 0.0 26.766000
0.0 0.0 -0.0 0.0 26.778000
0.0 0.0 -0.0 0.0 26.789000
0.0 0.0 -0.0 0.0 26.801000
0.0 0.0 -0.0 0.0 26.812000
0.0 0.0 -0.0 0.0 26.824000
0.0 0.0 -0.0 0.0 26.835000
0.0 0.0 -0.0 0.0 26.847000
0.0 0.0 -0.0 0.0 26.859000
0.0 0.0 -0.0 0.0 26.870000
0.0 0.0 -0.0 0.0 26.882000
0.0 0.0 -0.0 0.0 26.893000
0.0 0.0 -0.0 0.0 26.905000
0.0 0.0 -0.0 0.0 26.916000
0.0 0.0 -0.0 0.0 26.928000
0.0 0.0 -0.0 0.0 26.939000
0.0 0.0 -0.0 0.0 26.951000
0.0 0.0 -0.0 0.0 26.962000
0.0 0.0 -0.0 0.0 26.974000
0.0 0.0 -0.0 0.0 26.985000
0.0 0.0 -0.0 0.0 26.997000
0.0 0.0 -0.0 0.0 27.008000
0.0 0.0 -0.0 0.0 27.020000
0.0 0.0 -0.0 0.0 27.031000
0.0 0.0 -0.0 0.0 27.043000
0.0 0.0 -0.0 0.0 27.055000
0.0 0.0 -0.0 0.0 27.066000
0.0 0.0 -0.0 0.0 27.078000
0.0 0.0 -0.0 0.0 27.089000
0.0 0.0 -0.0 0.0 27.101000
0.0 0.0 -0.0 0.0 27.112000
0.0 0.0 -0.0 0.0 27.124000
0.0 0.0 -0.0 0.0 27.135000
0.0 0.0 -0.0 0.0 27.147000
0.0 0.0 -0.0 0.0 27.158000
0.0 0.0 -0.0 0.0 27.170000
0.0 0.0 -0.0 0.0 27.181000
0.0 0.0 -0.0 0.0 27.193000
0.0 0.0 -0.0 0.0 27.204000
0.0 0.0 -0.0 0.0 27.216000
0.0 0.0 -0.0 0.0 27.227000
0.0 0.0 -0.0 0.0 27.239000
0.0 0.0 -0.0 0.0 27.250000
0.0 0.0 -0.0 0.0 27.262000
0.0 0.0 -0.0 0.0 27.273000
0.0 0.0 -0.0 0.0 27.285000
0.0 0.0 -0.0 0.0 27.296000
0.0 0.0 -0.0 0.0 27.308000
0.0 0.0 -0.0 0.0 27.319000
0.0 0.0 -0.0 0.0 27.331000
0.0 0.0 -0.0 0.0 27.342000
0.0 0.0 -0.0 0.0 27.354000
0.0 0.0 -0.0 0.0 27.365000
0.0 0.0 -0.0 0.0 27.377000
0.0 0.0 -0.0 0.0 27.388000
0.0 0.0 -0.0 0.0 27.400000
0.0 0.0 -0.9 0.0 27.411000
0.0 0.0 -0.0 0.0 27.423000
0.0 0.0 -0.0 0.0 27.434000
0.0 0.0 -0.0 0.0 27.446000
0.0 0.0 -0.0 0.0 27.458000
0.0 0.0 -0.0 0.0 27.469000
0.0 0.0 -0.0 0.0 27.481000
0.0 0.0 -0.0 0.0 27.492000
0.0 0.0 -0.0 0.0 27.504000
0.0 0.0 -0.0 0.0 27.515000
0.0 0.0 -0.0 0.0 27.527000
0.0 0.0 -0.0 0.0 27.538000
0.0 0.0 -0.0 0.0 27.550000
0.0 0.0 -0.0 0.0 27.561000
0.0 0.0 -0.0 0.0 27.573000
0.0 0.0 -0.0 0.0 27.584000
0.0 0.0 -0.0 0.0 27.596000
0.0 0.0 -0.0 0.0 27.607000
0.0 0.0 -0.0 0.0 27.619000
0.0 0.0 -0.0 0.0 27.630000
0.0 0.0 -0.0 0.0 27.642000
0.0 0.0 -0.0 0.0 27.653000
0.0 0.0 -0.0 0.0 27.665000
0.0 0.0 -0.0 0.0 27.676000
0.0 0.0 -0.0 0.0 27.688000
0.0 0.0 -0.0 0.0 27.700000
0.0 0.0 -0.0 0.0 27.711000
0.0 0.0 -0.0 0.0 27.723000
0.0 0.0 -0.0 0.0 27.734000
0.0 0.0 -0.0 0.0 27.746000
0.0 0.0 -0.0 0.0 27.757000
0.0 0.0 -0.0 0.0 27.769000
0.0 0.0 -0.0 0.0 27.780000
0.0 0.0 -0.0 0.0 27.792000
0.0 0.0 -0.0 0.0 27.803000
0.0 0.0 -0.0 0.0 27.815000
0.0 0.0 -0.0 0.0 27.826000
0.0 0.0 -0.0 0.0 27.838000
0.0 0.0 -0.0 0.0 27.849000
0.0 0.0 -0.0 0.0 27.861000
0.0 0.0 -0.0 0.0 27.872000
0.0 0.0 -0.0 0.0 27.884000
0.0 0.0 -0.0 0.0 27.895000
0.0 0.0 -0.0 0.0 27.907000
0.0 0.0 -0.0 0.0 27.918000
0.0 0.0 -0.0 0.0 27.930000
0.0 0.0 -0.0 0.0 27.941000
0.0 0.0 -0.0 0.0 27.953000
0.0 0.0 -0.0 0.0 27.964000
0.0 0.0 -0.0 0.0 27.976000
0.0 0.0 -0.0 0.0 27.988000
0.0 0.0 -0.0 0.0 27.999000
0.0 0.0 -0.0 0.0 28.011000
0.0 0.0 -0.0 0.0 28.022000
0.0 0.0 -0.0 0.0 28.034000
0.0 0.0 -0.0 0.0 28.045000
0.0 0.0 -0.0 0.0 28.057000
0.0 0.0 -0.0 0.0 28.068000
0.0 0.0 -0.0 0.0 28.080000
0.0 0.0 -0.0 0.0 28.091000
0.0 0.0 -0.0 0.0 28.103000
0.0 0.0 -0.0 0.0 28.114000
0.0 0.0 -0.0 0.0 28.126000
0.0 0.0 -0.0 0.0 28.137000
0.0 0.0 -0.0 0.0 28.149000
0.0 0.0 -0.0 0.0 28.160000
0.0 0.0 -0.0 0.0 28.172000
0.0 0.0 -0.0 0.0 28.183000
0.0 0.0 -0.0 0.0 28.195000
0.0 0.0 -0.0 0.0 28.206000
0.0 0.0 -0.0 0.0 28.218000
0.0 0.0 -0.0 0.0 28.229000
0.0 0.0 -0.0 0.0 28.241000
0.0 0.0 -0.0 0.0 28.252000
0.0 0.0 -0.0 0.0 28.264000
0.0 0.0 -0.0 0.0 28.276000
0.0 0.0 -0.0 0.0 28.287000
0.0 0.0 -0.0 0.0 28.299000
0.0 0.0 -0.0 0.0 28.310000
0.0 0.0 -0.0 0.0 28.322000
0.0 0.0 -0.0 0.0 28.333000
0.0 0.0 -0.0 0.0 28.345000
0.0 0.0 -0.0 0.0 28.356000
0.0 0.0 -0.0 0.0 28.368000
0.0 0.0 -0.0 0.0 28.380000
0.0 0.0 -0.0 0.0 28.391000
0.0 0.0 -0.0 0.0 28.403000
0.0 0.0 -0.0 0.0 28.414000
0.0 0.0 -0.0 0.0 28.426000
0.0 0.0 -0.0 0.0 28.437000
0.0 0.0 -0.0 0.0 28.449000
0.0 0.0 -0.0 0.0 28.460000
0.0 0.0 -0.0 0.0 28.472000
0.0 0.0 -0.0 0.0 28.483000
0.0 0.0 -0.0 0.0 28.495000
0.0 0.0 -0.0 0.0 28.506000
0.0 0.0 -0.0 0.0 28.518000
0.0 0.0 -0.0 0.0 28.529000
0.0 0.0 -0.0 0.0 28.541000
0.0 0.0 -0.0 0.0 28.554000
0.0 0.0 -0.0 0.0 28.565000
0.0 0.0 -0.0 0.0 28.577000
0.0 0.0 -0.0 0.0 28.588000
0.0 0.0 -0.0 0.0 28.600000
0.0 0.0 -0.0 0.0 28.611000
0.0 0.0 -0.0 0.0 28.623000
0.0 0.0 -0.0 0.0 28.634000
0.0 0.0 -0.0 0.0 28.646000
0.0 0.0 -0.0 0.0 28.657000
0.0 0.0 -0.0 0.0 28.669000
0.0 0.0 -0.0 0.0 28.680000
0.0 0.0 -0.0 0.0 28.692000
0.0 0.0 -0.0 0.0 28.703000
0.0 0.0 -0.0 0.0 28.715000
0.0 0.0 -0.0 0.0 28.726000
0.0 0.0 -0.0 0.0 28.738000
0.0 0.0 -0.0 0.0 28.749000
0.0 0.0 -0.0 0.0 28.761000
0.0 0.0 -0.0 0.0 28.772000
0.0 0.0 -0.0 0.0 28.784000
0.0 0.0 -0.0 0.0 28.795000
0.0 0.0 -0.0 0.0 28.807000
0.0 0.0 -0.0 0.0 28.818000
0.0 0.0 -0.0 0.0 28.830000
0.0 0.0 -0.0 0.0 28.841000
0.0 0.0 -0.0 0.0 28.853000
0.0 0.0 -0.0 0.0 28.864000
0.0 0.0 -0.0 0.0 28.876000
0.0 0.0 -0.0 0.0 28.887000
0.0 0.0 -0.0 0.0 28.899000
0.0 0.0 -0.0 0.0 28.910000
0.0 0.0 -0.0 0.0 28.922000
0.0 0.0 -0.0 0.0 28.933000
0.0 0.0 -0.0 0.0 28.945000
0.0 0.0 -0.0 0.0 28.956000
0.0 0.0 -0.0 0.0 28.968000
0.0 0.0 -0.0 0.0 28.979000
0.0 0.0 -0.0 0.0 28.991000
0.0 0.0 -0.0 0.0 29.002000
0.0 0.0 -0.0 0.0 29.014000
0.0 0.0 -0.0 0.0 29.025000
0.0 0.0 -0.0 0.0 29.037000
0.0 0.0 -0.0 0.0 29.049000
0.0 0.0 -0.0 0.0 29.060000
0.0 0.0 -0.0 0.0 29.072000
0.0 0.0 -0.0 0.0 29.083000
0.0 0.0 -0.0 0.0 29.095000
0.0 0.0 -0.0 0.0 29.106000
0.0 0.0 -0.0 0.0 29.118000
0.0 0.0 -0.0 0.0 29.129000
0.0 0.0 -0.0 0.0 29.141000
0.0 0.0 -0.0 0.0 29.152000
0.0 0.0 -0.0 0.0 29.164000
0.0 0.0 -0.0 0.0 29.175000
0.0 0.0 -0.0 0.0 29.187000
0.0 0.0 -0.0 0.0 29.198000
0.0 0.0 -0.0 0.0 29.210000
0.0 0.0 -0.0 0.0 29.221000
0.0 0.0 -0.0 0.0 29.233000
0.0 0.0 -0.0 0.0 29.246000
0.0 0.0 -0.0 0.0 29.257000
0.0 0.0 -0.0 0.0 29.269000
0.0 0.0 -0.0 0.0 29.280000
0.0 0.0 -0.0 0.0 29.292000
0.0 0.0 -0.0 0.0 29.304000
0.0 0.0 -0.0 0.0 29.315000
0.0 0.0 -0.0 0.0 29.327000
0.0 0.0 -0.0 0.0 29.338000
0.0 0.0 -0.0 0.0 29.350000
0.0 0.0 -0.0 0.0 29.361000
0.0 0.0 -0.0 0.0 29.373000
0.0 0.0 -0.0 0.0 29.384000
0.0 0.0 -0.0 0.0 29.396000
0.0 0.0 -0.0 0.0 29.407000
0.0 0.0 -0.0 0.0 29.419000
0.0 0.0 -0.0 0.0 29.430000
0.0 0.0 -0.0 0.0 29.442000
0.0 0.0 -0.0 0.0 29.453000
0.0 0.0 -0.0 0.0 29.465000
0.0 0.0 -0.0 0.0 29.476000
0.0 0.0 -0.0 0.0 29.488000
0.0 0.0 -0.0 0.0 29.499000
0.0 0.0 -0.0 0.0 29.511000
0.0 0.0 -0.0 0.0 29.522000
0.0 0.0 -0.0 0.0 29.534000
0.0 0.0 -0.0 0.0 29.545000
0.0 0.0 -0.0 0.0 29.557000
0.0 0.0 -0.0 0.0 29.568000
0.0 0.0 -0.0 0.0 29.580000
0.0 0.0 -0.0 0.0 29.591000
0.0 0.0 -0.0 0.0 29.603000
0.0 0.0 -0.0 0.0 29.614000
0.0 0.0 -0.0 0.0 29.626000
0.0 0.0 -0.0 0.0 29.638000
0.0 0.0 -0.0 0.0 29.649000
0.0 0.0 -0.0 0.0 29.660000
0.0 0.0 -0.0 0.0 29.672000
0.0 0.0 -0.0 0.0 29.683000
0.0 0.0 -0.0 0.0 29.695000
0.0 0.0 -0.0 0.0 29.706000
0.0 0.0 -0.0 0.0 29.718000
0.0 0.0 -0.0 0.0 29.729000
0.0 0.0 -0.0 0.0 29.741000
0.0 0.0 -0.0 0.0 29.752000
0.0 0.0 -0.0 0.0 29.764000
0.0 0.0 -0.0 0.0 29.776000
0.0 0.0 -0.0 0.0 29.787000
0.0 0.0 -0.0 0.0 29.799000
0.0 0.0 -0.0 0.0 29.810000
0.0 0.0 -0.0 0.0 29.822000
0.0 0.0 -0.0 0.0 29.835000
0.0 0.0 -0.0 0.0 29.846000
0.0 0.0 -0.0 0.0 29.857000
0.0 0.0 -0.0 0.0 29.869000
0.0 0.0 -0.0 0.0 29.881000
0.0 0.0 -0.0 0.0 29.893000
0.0 0.0 -0.0 0.0 29.905000
0.0 0.0 -0.0 0.0 29.916000
0.0 0.0 -0.0 0.0 29.928000
0.0 0.0 -0.0 0.0 29.939000
0.0 0.0 -0.0 0.0 29.951000
0.0 0.0 -0.0 0.0 29.962000
0.0 0.0 -0.0 0.0 29.974000
0.0 0.0 -0.0 0.0 29.985000
0.0 0.0 -0.0 0.0 29.997000
