X Y Theta dr dl Time
-0.002381 -0.000044 0.036836 0.001726 -0.006489 0.097000
-0.007987 -0.000514 0.130629 0.004832 -0.016084 0.152000
-0.014273 -0.001636 0.222565 0.003866 -0.016636 0.201000
-0.021671 -0.003631 0.304285 0.001450 -0.016774 0.257000
-0.028863 -0.006173 0.375172 0.000276 -0.015532 0.307000
-0.036171 -0.009360 0.447296 0.000069 -0.016015 0.356000
-0.043577 -0.013223 0.514159 -0.000897 -0.015808 0.410000
-0.051400 -0.017894 0.562448 -0.003728 -0.014496 0.459000
-0.058465 -0.022603 0.613214 -0.002830 -0.014151 0.513000
-0.065781 -0.027976 0.653765 -0.004556 -0.013599 0.561000
-0.072691 -0.033259 0.651907 -0.008905 -0.008491 0.616000
-0.077975 -0.037201 0.629930 -0.009043 -0.004142 0.664000
-0.082645 -0.040578 0.622191 -0.006627 -0.004901 0.714000
-0.089536 -0.045715 0.659027 -0.004487 -0.012701 0.770000
-0.096619 -0.051392 0.692149 -0.005384 -0.012770 0.820000
-0.102951 -0.056786 0.719079 -0.005315 -0.011321 0.870000
-0.108373 -0.061648 0.742914 -0.004625 -0.009940 0.919000
-0.114297 -0.067137 0.751582 -0.007110 -0.009043 0.976000
-0.120629 -0.073049 0.750653 -0.008767 -0.008560 1.026000
-0.127806 -0.079624 0.732699 -0.011735 -0.007731 1.076000
-0.134256 -0.085356 0.720317 -0.010009 -0.007248 1.126000
-0.139879 -0.090251 0.712269 -0.008353 -0.006558 1.182000
-0.145256 -0.094849 0.702673 -0.008145 -0.006006 1.233000
-0.151932 -0.100371 0.679457 -0.011252 -0.006075 1.283000
-0.159381 -0.106363 0.675433 -0.010009 -0.009112 1.333000
-0.166528 -0.112125 0.681624 -0.008491 -0.009871 1.382000
-0.172234 -0.116816 0.694625 -0.005937 -0.008836 1.439000
-0.177765 -0.121447 0.699268 -0.006696 -0.007731 1.487000
-0.184599 -0.127102 0.683481 -0.010630 -0.007110 1.543000
-0.191380 -0.132549 0.669861 -0.010216 -0.007179 1.593000
-0.198118 -0.137884 0.669552 -0.008629 -0.008560 1.642000
-0.204551 -0.143046 0.682862 -0.006765 -0.009733 1.692000
-0.210450 -0.147882 0.690601 -0.006765 -0.008491 1.748000
-0.216736 -0.153063 0.688125 -0.008422 -0.007869 1.799000
-0.222601 -0.157885 0.688125 -0.007593 -0.007593 1.848000
-0.228359 -0.162675 0.699578 -0.006213 -0.008767 1.903000
-0.234582 -0.167984 0.712888 -0.006696 -0.009664 1.951000
-0.243446 -0.175462 0.688744 -0.014289 -0.008905 2.006000
-0.251320 -0.181808 0.668004 -0.012425 -0.007800 2.055000
-0.256824 -0.186198 0.678529 -0.005867 -0.008214 2.110000
-0.261360 -0.189920 0.695863 -0.003935 -0.007800 2.160000
-0.266620 -0.194337 0.701126 -0.006282 -0.007455 2.208000
-0.275155 -0.201509 0.696482 -0.011666 -0.010630 2.263000
-0.284019 -0.208933 0.698030 -0.011390 -0.011735 2.312000
-0.290359 -0.214318 0.710102 -0.006972 -0.009664 2.366000
-0.295332 -0.218645 0.722175 -0.005246 -0.007938 2.415000
-0.301627 -0.224083 0.702673 -0.010492 -0.006144 2.470000
-0.307602 -0.229043 0.683172 -0.009940 -0.005591 2.518000
-0.314668 -0.234795 0.683172 -0.009112 -0.009112 2.573000
-0.321036 -0.239985 0.684410 -0.008076 -0.008353 2.623000
-0.326336 -0.244298 0.681934 -0.007110 -0.006558 2.672000
-0.331745 -0.248698 0.683791 -0.006765 -0.007179 2.726000
-0.338666 -0.254410 0.696173 -0.007593 -0.010354 2.775000
-0.344676 -0.259490 0.707316 -0.006627 -0.009112 2.824000
-0.350559 -0.264506 0.704840 -0.008007 -0.007455 2.881000
-0.357728 -0.270460 0.681314 -0.011942 -0.006696 2.927000
-0.364626 -0.275926 0.658717 -0.011321 -0.006282 2.979000
-0.371816 -0.281468 0.654693 -0.009526 -0.008629 3.030000
-0.378510 -0.286634 0.659956 -0.007869 -0.009043 3.082000
-0.384568 -0.291382 0.669552 -0.006627 -0.008767 3.137000
-0.391243 -0.296629 0.662742 -0.009250 -0.007731 3.186000
-0.399587 -0.303160 0.665528 -0.010285 -0.010907 3.241000
-0.406667 -0.308786 0.677290 -0.007731 -0.010354 3.290000
-0.411653 -0.312884 0.698649 -0.004073 -0.008836 3.339000
-0.416710 -0.317167 0.706697 -0.005729 -0.007524 3.394000
-0.423772 -0.323194 0.706388 -0.009319 -0.009250 3.443000
-0.431653 -0.329963 0.712888 -0.009664 -0.011114 3.498000
-0.437905 -0.335449 0.727437 -0.006696 -0.009940 3.547000
-0.443611 -0.340563 0.734247 -0.006903 -0.008422 3.602000
-0.451295 -0.347243 0.696792 -0.014358 -0.006006 3.652000
-0.457947 -0.352630 0.664599 -0.012149 -0.004970 3.700000
-0.463683 -0.357229 0.687196 -0.004832 -0.009871 3.755000
-0.468562 -0.361347 0.714746 -0.003313 -0.009457 3.804000
-0.475184 -0.367093 0.714746 -0.008767 -0.008767 3.859000
-0.482444 -0.373260 0.693696 -0.011873 -0.007179 3.909000
-0.489475 -0.378836 0.647264 -0.014151 -0.003797 3.957000
-0.494996 -0.382980 0.640454 -0.007662 -0.006144 4.012000
-0.500582 -0.387209 0.655622 -0.005315 -0.008698 4.061000
-0.506357 -0.391702 0.666766 -0.006075 -0.008560 4.115000
-0.513805 -0.397473 0.651598 -0.011114 -0.007731 4.164000
-0.521603 -0.403413 0.650360 -0.009940 -0.009664 4.219000
-0.528190 -0.408435 0.652217 -0.008076 -0.008491 4.269000
-0.534833 -0.413498 0.650360 -0.008560 -0.008145 4.317000
-0.542080 -0.419022 0.652217 -0.008905 -0.009319 4.372000
-0.549328 -0.424543 0.649741 -0.009388 -0.008836 4.421000
-0.555634 -0.429365 0.655932 -0.007248 -0.008629 4.476000
-0.562237 -0.434537 0.672957 -0.006489 -0.010285 4.525000
-0.568852 -0.439860 0.682243 -0.007455 -0.009526 4.573000
-0.575578 -0.445319 0.681314 -0.008767 -0.008560 4.629000
-0.582495 -0.450983 0.690910 -0.007869 -0.010009 4.678000
-0.588971 -0.456474 0.715674 -0.005729 -0.011252 4.732000
-0.595420 -0.462154 0.728366 -0.007179 -0.010009 4.781000
-0.603488 -0.469076 0.689982 -0.014910 -0.006351 4.836000
-0.610131 -0.474197 0.623429 -0.015808 -0.000966 4.884000
-0.616995 -0.479135 0.623739 -0.008422 -0.008491 4.939000
-0.622588 -0.483297 0.655932 -0.003382 -0.010561 4.989000
-0.628574 -0.487969 0.669552 -0.006075 -0.009112 5.038000
-0.635818 -0.493609 0.653455 -0.010976 -0.007386 5.093000
-0.643540 -0.499478 0.646336 -0.010492 -0.008905 5.141000
-0.651248 -0.505363 0.657789 -0.008422 -0.010976 5.196000
-0.657336 -0.510129 0.670790 -0.006282 -0.009181 5.246000
-0.662441 -0.514190 0.672957 -0.006282 -0.006765 5.295000
-0.669118 -0.519435 0.658717 -0.010078 -0.006903 5.350000
-0.677611 -0.526055 0.665528 -0.010009 -0.011528 5.398000
-0.684759 -0.531761 0.681934 -0.007317 -0.010976 5.453000
-0.691004 -0.536883 0.691839 -0.006972 -0.009181 5.503000
-0.698048 -0.542663 0.682553 -0.010147 -0.008076 5.552000
-0.705114 -0.548306 0.665218 -0.010976 -0.007110 5.606000
-0.711350 -0.553163 0.658098 -0.008698 -0.007110 5.655000
-0.717796 -0.558198 0.668313 -0.007041 -0.009319 5.710000
-0.724770 -0.563679 0.663670 -0.009388 -0.008353 5.760000
-0.731489 -0.568870 0.651907 -0.009802 -0.007179 5.809000
-0.737967 -0.573808 0.650669 -0.008283 -0.008007 5.864000
-0.744784 -0.579098 0.669242 -0.006558 -0.010700 5.912000
-0.751275 -0.584299 0.681934 -0.006903 -0.009733 5.967000
-0.758983 -0.590466 0.667694 -0.011459 -0.008283 6.017000
-0.766350 -0.596116 0.640764 -0.012287 -0.006282 6.066000
-0.773183 -0.601156 0.630239 -0.009664 -0.007317 6.120000
-0.779918 -0.606155 0.646645 -0.006558 -0.010216 6.169000
-0.786138 -0.610862 0.649122 -0.007524 -0.008076 6.224000
-0.793053 -0.615964 0.622191 -0.011597 -0.005591 6.274000
-0.799235 -0.620254 0.591236 -0.010976 -0.004073 6.323000
-0.806291 -0.624976 0.588141 -0.008836 -0.008145 6.378000
-0.812117 -0.628930 0.604237 -0.005246 -0.008836 6.426000
-0.816887 -0.632287 0.622500 -0.003797 -0.007869 6.481000
-0.824273 -0.637505 0.607642 -0.010700 -0.007386 6.531000
-0.833295 -0.643572 0.576378 -0.014358 -0.007386 6.580000
-0.841609 -0.648829 0.551304 -0.012632 -0.007041 6.635000
-0.846944 -0.652079 0.542947 -0.007179 -0.005315 6.683000
-0.852298 -0.655364 0.557805 -0.004625 -0.007938 6.738000
-0.858089 -0.659057 0.577306 -0.004694 -0.009043 6.788000
-0.865826 -0.664063 0.571425 -0.009871 -0.008560 6.836000
-0.874835 -0.669707 0.547899 -0.013254 -0.008007 6.891000
-0.882548 -0.674293 0.524993 -0.011528 -0.006420 6.940000
-0.888577 -0.677862 0.543875 -0.004901 -0.009112 6.994000
-0.895299 -0.682085 0.577926 -0.004142 -0.011735 7.043000
-0.904127 -0.687627 0.543256 -0.014289 -0.006558 7.098000
-0.911002 -0.691457 0.473298 -0.015670 -0.000069 7.148000
-0.917138 -0.694466 0.438629 -0.010700 -0.002968 7.197000
-0.925261 -0.698517 0.486609 -0.003728 -0.014427 7.251000
-0.932314 -0.702452 0.531184 -0.003106 -0.013047 7.300000
-0.938514 -0.706001 0.508587 -0.009664 -0.004625 7.355000
-0.945037 -0.709316 0.431819 -0.015877 0.001243 7.405000
-0.952583 -0.712734 0.418818 -0.009733 -0.006834 7.454000
-0.960734 -0.716651 0.477013 -0.002554 -0.015532 7.508000
-0.968288 -0.720748 0.516945 -0.004142 -0.013047 7.557000
-0.975762 -0.724776 0.471751 -0.013530 -0.003451 7.612000
-0.982559 -0.728004 0.414794 -0.013875 -0.001173 7.662000
-0.990984 -0.731823 0.436462 -0.006834 -0.011666 7.711000
-0.998888 -0.735772 0.490324 -0.002830 -0.014841 7.765000
-1.006316 -0.739813 0.506110 -0.006696 -0.010216 7.814000
-1.013430 -0.743636 0.480108 -0.010976 -0.005177 7.869000
-1.020170 -0.747058 0.459369 -0.009871 -0.005246 7.919000
-1.028870 -0.751574 0.498372 -0.005453 -0.014151 7.968000
-1.037498 -0.756439 0.528398 -0.006558 -0.013254 8.022000
-1.044244 -0.760287 0.508277 -0.010009 -0.005522 8.071000
-1.049840 -0.763289 0.476703 -0.009871 -0.002830 8.126000
-1.056240 -0.766618 0.482585 -0.006558 -0.007869 8.174000
-1.064507 -0.771210 0.531493 -0.004004 -0.014910 8.229000
-1.073685 -0.776643 0.537375 -0.010009 -0.011321 8.279000
-1.080752 -0.780551 0.472989 -0.015255 -0.000897 8.328000
-1.085757 -0.782966 0.426247 -0.010769 -0.000345 8.383000
-1.093513 -0.786668 0.464322 -0.004349 -0.012839 8.431000
-1.101274 -0.790819 0.517873 -0.002830 -0.014772 8.486000
-1.110472 -0.795938 0.497753 -0.012770 -0.008283 8.536000
-1.117033 -0.799255 0.438629 -0.013944 -0.000759 8.584000
-1.122120 -0.801576 0.417580 -0.007938 -0.003244 8.639000
-1.130476 -0.805544 0.468965 -0.003520 -0.014979 8.687000
-1.139070 -0.810185 0.521278 -0.003935 -0.015601 8.741000
-1.147268 -0.814687 0.483204 -0.013599 -0.005108 8.789000
-1.153851 -0.817804 0.401174 -0.016429 0.001864 8.844000
-1.159660 -0.820194 0.379505 -0.008698 -0.003866 8.892000
-1.167469 -0.823526 0.427176 -0.003175 -0.013806 8.947000
-1.174869 -0.827093 0.471132 -0.003313 -0.013116 8.995000
-1.183061 -0.831160 0.450392 -0.011459 -0.006834 9.050000
-1.189971 -0.834224 0.384458 -0.014910 -0.000207 9.098000
-1.196875 -0.836850 0.342360 -0.012080 -0.002692 9.152000
-1.204084 -0.839544 0.373005 -0.004280 -0.011114 9.200000
-1.210336 -0.842128 0.410770 -0.002554 -0.010976 9.255000
-1.219194 -0.845993 0.412008 -0.009526 -0.009802 9.303000
-1.228368 -0.849909 0.394983 -0.011873 -0.008076 9.358000
-1.235676 -0.853009 0.407365 -0.006558 -0.009319 9.407000
-1.243626 -0.856703 0.462464 -0.002623 -0.014910 9.462000
-1.253891 -0.861873 0.470822 -0.010561 -0.012425 9.514000
-1.262005 -0.865707 0.412008 -0.015532 -0.002416 9.564000
-1.267951 -0.868216 0.386316 -0.009319 -0.003590 9.612000
-1.275994 -0.871704 0.432129 -0.003659 -0.013875 9.667000
-1.285078 -0.876069 0.463702 -0.006558 -0.013599 9.715000
-1.294696 -0.880677 0.429962 -0.014427 -0.006903 9.769000
-1.301984 -0.883735 0.364647 -0.015186 -0.000621 9.818000
-1.308364 -0.886088 0.342050 -0.009319 -0.004280 9.874000
-1.315828 -0.888891 0.376410 -0.004142 -0.011804 9.920000
-1.322847 -0.891787 0.406127 -0.004280 -0.010907 9.976000
-1.332746 -0.895937 0.387863 -0.012770 -0.008698 10.027000
-1.340628 -0.899000 0.353503 -0.012287 -0.004625 10.076000
-1.347969 -0.901739 0.360623 -0.007041 -0.008629 10.127000
-1.355238 -0.904660 0.403650 -0.003037 -0.012632 10.179000
-1.363911 -0.908431 0.416651 -0.008007 -0.010907 10.229000
-1.372511 -0.912020 0.373934 -0.014082 -0.004556 10.285000
-1.379579 -0.914601 0.326263 -0.012839 -0.002209 10.336000
-1.387260 -0.917311 0.352265 -0.005246 -0.011045 10.387000
-1.394108 -0.919985 0.392197 -0.002899 -0.011804 10.437000
-1.402587 -0.923507 0.395292 -0.008836 -0.009526 10.486000
-1.410254 -0.926456 0.338955 -0.014496 -0.001933 10.538000
-1.417684 -0.928830 0.279522 -0.014427 -0.001173 10.589000
-1.423578 -0.930438 0.253210 -0.009043 -0.003175 10.640000
-1.430316 -0.932226 0.265592 -0.005591 -0.008353 10.697000
-1.436692 -0.934033 0.286641 -0.004280 -0.008974 10.747000
-1.444353 -0.936363 0.303976 -0.006075 -0.009940 10.798000
-1.454564 -0.939559 0.302738 -0.010838 -0.010561 10.847000
-1.462733 -0.942114 0.303357 -0.008491 -0.008629 10.902000
-1.469451 -0.944223 0.305214 -0.006834 -0.007248 10.951000
-1.475179 -0.946028 0.305214 -0.006006 -0.006006 11.002000
-1.483284 -0.948557 0.299642 -0.009112 -0.007869 11.052000
-1.493740 -0.951778 0.298094 -0.011114 -0.010769 11.107000
-1.502782 -0.954550 0.296856 -0.009595 -0.009319 11.156000
-1.509442 -0.956610 0.303047 -0.006282 -0.007662 11.211000
-1.515141 -0.958393 0.303357 -0.005937 -0.006006 11.259000
-1.523747 -0.961056 0.296856 -0.009733 -0.008283 11.314000
-1.532743 -0.963738 0.282617 -0.010976 -0.007800 11.363000
-1.540645 -0.965985 0.271473 -0.009457 -0.006972 11.418000
-1.548094 -0.968053 0.270235 -0.007869 -0.007593 11.466000
-1.555437 -0.970118 0.277974 -0.006765 -0.008491 11.521000
-1.563880 -0.972603 0.294380 -0.006972 -0.010630 11.571000
-1.572729 -0.975297 0.296856 -0.008974 -0.009526 11.620000
-1.580120 -0.977566 0.298714 -0.007524 -0.007938 11.675000
-1.586784 -0.979613 0.297475 -0.007110 -0.006834 11.723000
-1.595092 -0.982069 0.277355 -0.010907 -0.006420 11.773000
-1.604679 -0.984696 0.257544 -0.012149 -0.007731 11.828000
-1.613584 -0.986930 0.234018 -0.011804 -0.006558 11.877000
-1.621914 -0.988899 0.230303 -0.008974 -0.008145 11.932000
-1.629619 -0.990812 0.256305 -0.005039 -0.010838 11.980000
-1.637423 -0.992891 0.264354 -0.007179 -0.008974 12.035000
-1.645497 -0.995028 0.253210 -0.009595 -0.007110 12.085000
-1.653020 -0.996956 0.248567 -0.008283 -0.007248 12.134000
-1.660830 -0.999013 0.266521 -0.006075 -0.010078 12.188000
-1.668966 -1.001317 0.285403 -0.006351 -0.010561 12.238000
-1.678824 -1.004253 0.293451 -0.009388 -0.011183 12.288000
-1.687343 -1.006844 0.297166 -0.008491 -0.009319 12.332000
-1.693439 -1.008743 0.306762 -0.005315 -0.007455 12.390000
-1.699264 -1.010584 0.305214 -0.006282 -0.005937 12.442000
-1.707979 -1.013243 0.287260 -0.011114 -0.007110 12.496000
-1.717847 -1.016021 0.261568 -0.013116 -0.007386 12.545000
-1.726494 -1.018286 0.250734 -0.010147 -0.007731 12.600000
-1.733334 -1.020098 0.267140 -0.005246 -0.008905 12.650000
-1.740653 -1.022120 0.272092 -0.007041 -0.008145 12.701000
-1.751021 -1.025030 0.275188 -0.010423 -0.011114 12.752000
-1.760724 -1.027754 0.272092 -0.010423 -0.009733 12.803000
-1.768032 -1.029815 0.277664 -0.006972 -0.008214 12.858000
-1.773934 -1.031521 0.285093 -0.005315 -0.006972 12.907000
-1.782361 -1.033937 0.273331 -0.010078 -0.007455 12.956000
-1.791207 -1.036393 0.268378 -0.009733 -0.008629 13.011000
-1.798164 -1.038301 0.266830 -0.007386 -0.007041 13.059000
-1.804077 -1.039970 0.283546 -0.004280 -0.008007 13.115000
-1.813126 -1.042596 0.281379 -0.009664 -0.009181 13.160000
-1.823319 -1.045490 0.271783 -0.011666 -0.009526 13.211000
-1.832198 -1.048083 0.296547 -0.006489 -0.012011 13.267000
-1.838993 -1.050290 0.331526 -0.003244 -0.011045 13.316000
-1.846839 -1.053052 0.345455 -0.006765 -0.009871 13.371000
-1.856283 -1.056369 0.329978 -0.011735 -0.008283 13.422000
-1.865301 -1.059328 0.304285 -0.012356 -0.006627 13.472000
-1.873502 -1.062010 0.327811 -0.006006 -0.011252 13.521000
-1.880673 -1.064612 0.368362 -0.003106 -0.012149 13.576000
-1.890407 -1.068338 0.362790 -0.011045 -0.009802 13.625000
-1.899389 -1.071511 0.316358 -0.014703 -0.004349 13.680000
-1.907312 -1.074044 0.302428 -0.009871 -0.006765 13.728000
-1.915267 -1.076701 0.342360 -0.003935 -0.012839 13.783000
-1.923658 -1.079784 0.361861 -0.006765 -0.011114 13.832000
-1.931480 -1.082614 0.332454 -0.011597 -0.005039 13.887000
-1.938211 -1.084796 0.294380 -0.011321 -0.002830 13.937000
-1.946232 -1.087361 0.324716 -0.005039 -0.011804 13.985000
-1.954322 -1.090263 0.364028 -0.004211 -0.012977 14.040000
-1.965346 -1.094383 0.351337 -0.013185 -0.010354 14.089000
-1.974580 -1.097567 0.312643 -0.014082 -0.005453 14.144000
-1.981708 -1.099752 0.282307 -0.010838 -0.004073 14.194000
-1.988478 -1.101808 0.307381 -0.004280 -0.009871 14.242000
-1.995838 -1.104174 0.314810 -0.006903 -0.008560 14.297000
-2.006298 -1.107386 0.281069 -0.014703 -0.007179 14.346000
-2.015324 -1.109837 0.249186 -0.012908 -0.005798 14.395000
-2.022662 -1.111789 0.270854 -0.005177 -0.010009 14.451000
-2.029009 -1.113694 0.312334 -0.002002 -0.011252 14.499000
-2.037149 -1.116342 0.316667 -0.008076 -0.009043 14.554000
-2.047163 -1.119474 0.289427 -0.013530 -0.007455 14.603000
-2.056081 -1.121932 0.248567 -0.013806 -0.004694 14.653000
-2.063242 -1.123738 0.245471 -0.007731 -0.007041 14.708000
-2.069452 -1.125367 0.267759 -0.003935 -0.008905 14.757000
-2.076976 -1.127424 0.265901 -0.008007 -0.007593 14.811000
-2.086679 -1.129883 0.230613 -0.013944 -0.006075 14.860000
-2.095945 -1.131937 0.205540 -0.012287 -0.006696 14.915000
-2.102892 -1.133450 0.223493 -0.005108 -0.009112 14.965000
-2.108664 -1.134841 0.249495 -0.003037 -0.008836 15.014000
-2.117232 -1.136997 0.243304 -0.009526 -0.008145 15.069000
-2.127994 -1.139481 0.210492 -0.014703 -0.007386 15.118000
-2.137268 -1.141331 0.183252 -0.012494 -0.006420 15.170000
-2.143308 -1.142458 0.185729 -0.005867 -0.006420 15.221000
-2.149064 -1.143597 0.204921 -0.003728 -0.008007 15.272000
-2.157474 -1.145365 0.209564 -0.008076 -0.009112 15.323000
-2.168514 -1.147711 0.209254 -0.011321 -0.011252 15.373000
-2.178876 -1.149924 0.211421 -0.010354 -0.010838 15.428000
-2.187036 -1.151707 0.218850 -0.007524 -0.009181 15.476000
-2.193058 -1.153086 0.231542 -0.004763 -0.007593 15.527000
-2.199748 -1.154643 0.225660 -0.007524 -0.006213 15.582000
-2.207573 -1.156342 0.202135 -0.010630 -0.005384 15.631000
-2.217379 -1.158168 0.165918 -0.014013 -0.005937 15.686000
-2.226437 -1.159664 0.161584 -0.009664 -0.008698 15.735000
-2.233274 -1.160841 0.179228 -0.004970 -0.008905 15.785000
-2.241066 -1.162360 0.205849 -0.004970 -0.010907 15.836000
-2.250721 -1.164413 0.213278 -0.009043 -0.010700 15.887000
-2.260408 -1.166485 0.208016 -0.010492 -0.009319 15.939000
-2.268279 -1.168130 0.203992 -0.008491 -0.007593 15.990000
-2.274501 -1.169405 0.200277 -0.006765 -0.005937 16.045000
-2.281075 -1.170674 0.181085 -0.008836 -0.004556 16.094000
-2.289135 -1.172068 0.161584 -0.010354 -0.006006 16.149000
-2.298096 -1.173522 0.160036 -0.009250 -0.008905 16.199000
-2.306610 -1.174920 0.165608 -0.008007 -0.009250 16.247000
-2.314838 -1.176361 0.181085 -0.006627 -0.010078 16.303000
-2.324610 -1.178182 0.187276 -0.009250 -0.010630 16.355000
-2.334184 -1.179934 0.174894 -0.011114 -0.008353 16.406000
-2.341942 -1.181249 0.160655 -0.009457 -0.006282 16.458000
-2.348550 -1.182332 0.164370 -0.006282 -0.007110 16.509000
-2.356066 -1.183630 0.177680 -0.006144 -0.009112 16.555000
-2.365912 -1.185433 0.184490 -0.009250 -0.010769 16.611000
-2.375215 -1.187130 0.176442 -0.010354 -0.008560 16.660000
-2.381570 -1.188258 0.174894 -0.006627 -0.006282 16.715000
-2.386531 -1.189146 0.179228 -0.004556 -0.005522 16.764000
-2.396044 -1.190845 0.174275 -0.010216 -0.009112 16.813000
-2.406160 -1.192505 0.151059 -0.012839 -0.007662 16.870000
-2.413295 -1.193567 0.144559 -0.007938 -0.006489 16.920000
-2.420282 -1.194681 0.171489 -0.004073 -0.010078 16.969000
-2.428635 -1.196205 0.189443 -0.006489 -0.010492 17.020000
-2.438886 -1.198092 0.174585 -0.012080 -0.008767 17.070000
-2.449723 -1.199831 0.143630 -0.014427 -0.007524 17.126000
-2.456456 -1.200778 0.135891 -0.007662 -0.005937 17.175000
-2.463760 -1.201873 0.161893 -0.004487 -0.010285 17.230000
-2.472883 -1.203401 0.169942 -0.008353 -0.010147 17.280000
-2.483069 -1.205060 0.152917 -0.012218 -0.008422 17.328000
-2.491506 -1.206284 0.135272 -0.010492 -0.006558 17.383000
-2.498098 -1.207236 0.151678 -0.004832 -0.008491 17.432000
-2.506573 -1.208665 0.182324 -0.005177 -0.012011 17.486000
-2.516514 -1.210519 0.186348 -0.009664 -0.010561 17.537000
-2.525203 -1.212123 0.178919 -0.009664 -0.008007 17.586000
-2.530771 -1.213141 0.182633 -0.005246 -0.006075 17.640000
-2.535896 -1.214092 0.184181 -0.005039 -0.005384 17.689000
-2.545648 -1.215826 0.167775 -0.011735 -0.008076 17.744000
-2.555464 -1.217395 0.149202 -0.012011 -0.007869 17.794000
-2.562837 -1.218496 0.147345 -0.007662 -0.007248 17.843000
-2.570333 -1.219711 0.173966 -0.004625 -0.010561 17.897000
-2.578380 -1.221178 0.186657 -0.006765 -0.009595 17.946000
-2.588057 -1.222945 0.174585 -0.011183 -0.008491 18.001000
-2.597211 -1.224494 0.160655 -0.010838 -0.007731 18.050000
-2.603886 -1.225590 0.164989 -0.006282 -0.007248 18.104000
-2.610482 -1.226745 0.181704 -0.004832 -0.008560 18.154000
-2.620440 -1.228506 0.168394 -0.011597 -0.008629 18.204000
-2.630047 -1.230066 0.153536 -0.011390 -0.008076 18.259000
-2.639442 -1.231420 0.132796 -0.011804 -0.007179 18.308000
-2.647417 -1.232454 0.125057 -0.008905 -0.007179 18.357000
-2.655076 -1.233511 0.149202 -0.005039 -0.010423 18.412000
-2.664150 -1.234904 0.155393 -0.008491 -0.009871 18.461000
-2.673226 -1.236291 0.147964 -0.010009 -0.008353 18.515000
-2.681426 -1.237464 0.136201 -0.009595 -0.006972 18.564000
-2.689899 -1.238676 0.147964 -0.007248 -0.009871 18.619000
-2.698293 -1.239954 0.154155 -0.007800 -0.009181 18.667000
-2.707027 -1.241289 0.149202 -0.009388 -0.008283 18.722000
-2.715840 -1.242566 0.138677 -0.010078 -0.007731 18.772000
-2.723526 -1.243677 0.148273 -0.006696 -0.008836 18.821000
-2.731267 -1.244883 0.160965 -0.006420 -0.009250 18.876000
-2.741368 -1.246418 0.140535 -0.012494 -0.007938 18.925000
-2.751128 -1.247637 0.108032 -0.013461 -0.006213 18.973000
-2.759441 -1.248450 0.086983 -0.010700 -0.006006 19.025000
-2.768479 -1.249293 0.099055 -0.007731 -0.010423 19.081000
-2.776847 -1.250245 0.127534 -0.005246 -0.011597 19.129000
-2.785534 -1.251428 0.143011 -0.007041 -0.010492 19.184000
-2.794002 -1.252671 0.148583 -0.007938 -0.009181 19.233000
-2.800586 -1.253687 0.157560 -0.005660 -0.007662 19.282000
-2.805761 -1.254547 0.171799 -0.003659 -0.006834 19.339000
-2.814880 -1.256097 0.164989 -0.010009 -0.008491 19.385000
-2.826040 -1.257780 0.134344 -0.014703 -0.007869 19.443000
-2.836656 -1.259115 0.115771 -0.012770 -0.008629 19.492000
-2.842516 -1.259823 0.124748 -0.004901 -0.006903 19.541000
-2.848398 -1.260622 0.145178 -0.003659 -0.008214 19.596000
-2.857825 -1.261994 0.143940 -0.009664 -0.009388 19.645000
-2.868218 -1.263435 0.131558 -0.011873 -0.009112 19.700000
-2.877184 -1.264610 0.129081 -0.009319 -0.008767 19.750000
-2.883305 -1.265448 0.143011 -0.004625 -0.007731 19.798000
-2.889348 -1.266340 0.150131 -0.005315 -0.006903 19.853000
-2.899148 -1.267787 0.143011 -0.010700 -0.009112 19.902000
-2.909569 -1.269279 0.141463 -0.010700 -0.010354 19.957000
-2.917972 -1.270489 0.144559 -0.008145 -0.008836 20.003000
-2.923260 -1.271300 0.159727 -0.003659 -0.007041 20.060000
-2.930147 -1.272385 0.152917 -0.007731 -0.006213 20.111000
-2.940298 -1.273816 0.127224 -0.013116 -0.007386 20.160000
-2.950278 -1.274944 0.097817 -0.013323 -0.006765 20.210000
-2.959764 -1.275816 0.085435 -0.010907 -0.008145 20.265000
-2.968255 -1.276584 0.095031 -0.007455 -0.009595 20.314000
-2.976835 -1.277493 0.116080 -0.006282 -0.010976 20.368000
-2.985095 -1.278476 0.120724 -0.007800 -0.008836 20.417000
-2.994152 -1.279472 0.098436 -0.011597 -0.006627 20.466000
-3.002197 -1.280181 0.077387 -0.010423 -0.005729 20.522000
-3.010730 -1.280856 0.080482 -0.008214 -0.008905 20.571000
-3.018398 -1.281521 0.092555 -0.006351 -0.009043 20.626000
-3.025477 -1.282191 0.096269 -0.006696 -0.007524 20.676000
-3.032557 -1.282842 0.086983 -0.008145 -0.006075 20.725000
-3.040873 -1.283622 0.099984 -0.006903 -0.009802 20.780000
-3.049485 -1.284560 0.117009 -0.006765 -0.010561 20.828000
-3.059009 -1.285724 0.126295 -0.008560 -0.010630 20.883000
-3.067570 -1.286806 0.125057 -0.008767 -0.008491 20.932000
-3.074489 -1.287660 0.120724 -0.007455 -0.006489 20.987000
-3.080584 -1.288432 0.131248 -0.004970 -0.007317 21.037000
-3.089279 -1.289550 0.124438 -0.009526 -0.008007 21.085000
-3.099737 -1.290755 0.104937 -0.012701 -0.008353 21.140000
-3.108874 -1.291646 0.089459 -0.010907 -0.007455 21.189000
-3.116638 -1.292400 0.104318 -0.006144 -0.009457 21.238000
-3.123398 -1.293136 0.112675 -0.005867 -0.007731 21.294000
-3.132557 -1.294151 0.108032 -0.009733 -0.008698 21.343000
-3.141555 -1.295046 0.090078 -0.011045 -0.007041 21.394000
-3.149258 -1.295705 0.080792 -0.008767 -0.006696 21.446000
-3.157509 -1.296445 0.098127 -0.006351 -0.010216 21.497000
-3.165028 -1.297222 0.107723 -0.006489 -0.008629 21.547000
-3.172955 -1.298068 0.104937 -0.008283 -0.007662 21.602000
-3.181098 -1.298851 0.086673 -0.010216 -0.006144 21.651000
-3.190110 -1.299592 0.077387 -0.010078 -0.008007 21.706000
-3.199191 -1.300338 0.086673 -0.008076 -0.010147 21.754000
-3.207543 -1.301112 0.098127 -0.007110 -0.009664 21.809000
-3.215715 -1.301942 0.104318 -0.007524 -0.008905 21.859000
-3.223747 -1.302788 0.105556 -0.007938 -0.008214 21.908000
-3.229987 -1.303510 0.124748 -0.004142 -0.008422 21.963000
-3.237863 -1.304502 0.125986 -0.007800 -0.008076 22.011000
-3.248662 -1.305763 0.106484 -0.013047 -0.008698 22.066000
-3.259568 -1.306997 0.118866 -0.009595 -0.012356 22.115000
-3.267231 -1.308023 0.147345 -0.004556 -0.010907 22.169000
-3.273739 -1.309075 0.173037 -0.003728 -0.009457 22.218000
-3.282828 -1.310593 0.157869 -0.010907 -0.007524 22.273000
-3.292532 -1.311981 0.126295 -0.013323 -0.006282 22.323000
-3.300405 -1.312995 0.130010 -0.007524 -0.008353 22.372000
-3.306858 -1.313952 0.164370 -0.002692 -0.010354 22.426000
-3.316154 -1.315487 0.162822 -0.009595 -0.009250 22.475000
-3.327211 -1.317159 0.137439 -0.014013 -0.008353 22.530000
-3.335084 -1.318178 0.120105 -0.009871 -0.006006 22.580000
-3.341107 -1.318966 0.139916 -0.003866 -0.008283 22.629000
-3.347113 -1.319875 0.160346 -0.003797 -0.008353 22.678000
-3.356328 -1.321266 0.139296 -0.011666 -0.006972 22.730000
-3.364888 -1.322347 0.112056 -0.011666 -0.005591 22.787000
-3.374111 -1.323421 0.119795 -0.008422 -0.010147 22.838000
-3.380887 -1.324303 0.138987 -0.004694 -0.008974 22.887000
-3.387376 -1.325253 0.151988 -0.005108 -0.008007 22.942000
-3.396357 -1.326574 0.139916 -0.010423 -0.007731 22.992000
-3.406282 -1.327868 0.119485 -0.012287 -0.007731 23.041000
-3.416413 -1.329186 0.139296 -0.008007 -0.012425 23.095000
-3.423837 -1.330411 0.187586 -0.002140 -0.012908 23.144000
-3.433280 -1.332293 0.205849 -0.007593 -0.011666 23.199000
-3.444112 -1.334453 0.187895 -0.013047 -0.009043 23.249000
-3.452924 -1.335953 0.149202 -0.013254 -0.004625 23.298000
-3.461173 -1.337268 0.167156 -0.006351 -0.010354 23.352000
-3.468574 -1.338621 0.194396 -0.004487 -0.010561 23.401000
-3.478952 -1.340584 0.179538 -0.012218 -0.008905 23.456000
-3.489137 -1.342243 0.143321 -0.014358 -0.006282 23.506000
-3.496766 -1.343263 0.122581 -0.010009 -0.005384 23.555000
-3.503434 -1.344178 0.150131 -0.003659 -0.009802 23.610000
-3.511143 -1.345366 0.155702 -0.007179 -0.008422 23.658000
-3.522012 -1.346894 0.123510 -0.014565 -0.007386 23.708000
-3.531928 -1.347974 0.093483 -0.013323 -0.006627 23.765000
-3.540473 -1.348891 0.120414 -0.005591 -0.011597 23.816000
-3.547173 -1.349824 0.156322 -0.002761 -0.010769 23.866000
-3.557648 -1.351420 0.146107 -0.011735 -0.009457 23.914000
-3.568162 -1.352740 0.103698 -0.015324 -0.005867 23.969000
-3.576652 -1.353516 0.078625 -0.011321 -0.005729 24.018000
-3.582977 -1.354080 0.099055 -0.004073 -0.008629 24.073000
-3.589500 -1.354759 0.108342 -0.005522 -0.007593 24.124000
-3.599120 -1.355679 0.082340 -0.012563 -0.006765 24.173000
-3.609003 -1.356345 0.052314 -0.013254 -0.006558 24.223000
-3.617863 -1.356775 0.044575 -0.009733 -0.008007 24.273000
-3.623929 -1.357092 0.060052 -0.004349 -0.007800 24.330000
-3.630232 -1.357504 0.070267 -0.005177 -0.007455 24.382000
-3.639776 -1.358061 0.046432 -0.012218 -0.006903 24.433000
-3.649263 -1.358377 0.020121 -0.012425 -0.006558 24.485000
-3.658270 -1.358476 0.001857 -0.011045 -0.006972 24.536000
-3.666830 -1.358526 0.009906 -0.007662 -0.009457 24.586000
-3.674077 -1.358661 0.027240 -0.005315 -0.009181 24.636000
-3.681702 -1.358865 0.026312 -0.007731 -0.007524 24.686000
-3.691572 -1.358969 -0.005262 -0.013392 -0.006351 24.742000
-3.701408 -1.358830 -0.022907 -0.011804 -0.007869 24.792000
-3.710139 -1.358716 -0.003405 -0.006558 -0.010907 24.842000
-3.717215 -1.358774 0.019811 -0.004487 -0.009664 24.892000
-3.724252 -1.358998 0.043956 -0.004349 -0.009733 24.949000
-3.732631 -1.359368 0.044265 -0.008353 -0.008422 25.000000
-3.739942 -1.359669 0.038074 -0.008007 -0.006627 25.050000
-3.746598 -1.359917 0.036527 -0.006834 -0.006489 25.100000
-3.753875 -1.360221 0.046742 -0.006144 -0.008422 25.150000
-3.763247 -1.360755 0.067172 -0.007110 -0.011666 25.206000
-3.772127 -1.361421 0.082649 -0.007179 -0.010630 25.258000
-3.779277 -1.362065 0.096888 -0.005591 -0.008767 25.308000
-3.787284 -1.362819 0.091007 -0.008698 -0.007386 25.356000
-3.797402 -1.363582 0.059433 -0.013668 -0.006627 25.411000
-3.808187 -1.364212 0.057266 -0.011045 -0.010561 25.460000
-3.816035 -1.364784 0.088221 -0.004418 -0.011321 25.515000
-3.822525 -1.365444 0.114533 -0.003590 -0.009457 25.563000
-3.831375 -1.366432 0.107723 -0.009664 -0.008145 25.618000
-3.841720 -1.367387 0.076458 -0.013875 -0.006903 25.668000
-3.850980 -1.368057 0.068100 -0.010216 -0.008353 25.717000
-3.858241 -1.368617 0.085745 -0.005315 -0.009250 25.771000
-3.865427 -1.369247 0.089150 -0.006834 -0.007593 25.820000
-3.874721 -1.369936 0.058814 -0.012701 -0.005937 25.875000
-3.883443 -1.370356 0.037455 -0.011114 -0.006351 25.925000
-3.890717 -1.370704 0.058195 -0.004970 -0.009595 25.973000
-3.896777 -1.371119 0.078625 -0.003797 -0.008353 26.028000
-3.904695 -1.371692 0.065624 -0.009388 -0.006489 26.077000
-3.914450 -1.372180 0.034360 -0.013254 -0.006282 26.132000
-3.924799 -1.372529 0.033122 -0.010492 -0.010216 26.181000
-3.931040 -1.372799 0.053242 -0.004004 -0.008491 26.235000
-3.937310 -1.373183 0.069339 -0.004487 -0.008076 26.284000
-3.947404 -1.373792 0.051075 -0.012149 -0.008076 26.335000
-3.958649 -1.374206 0.022597 -0.014427 -0.008076 26.386000
-3.965480 -1.374375 0.026931 -0.006351 -0.007317 26.437000
-3.970619 -1.374575 0.050766 -0.002485 -0.007800 26.488000
-3.978409 -1.374983 0.053861 -0.007455 -0.008145 26.539000
-3.988478 -1.375407 0.030336 -0.012701 -0.007455 26.591000
-3.998659 -1.375566 0.000929 -0.013461 -0.006903 26.642000
-4.007011 -1.375572 0.000310 -0.008422 -0.008283 26.693000
-4.013948 -1.375669 0.027859 -0.003866 -0.010009 26.744000
-4.021744 -1.375937 0.040860 -0.006351 -0.009250 26.801000
-4.033025 -1.376260 0.016406 -0.014013 -0.008560 26.851000
-4.042274 -1.376378 0.008977 -0.010078 -0.008422 26.902000
-4.049142 -1.376477 0.019811 -0.005660 -0.008076 26.952000
-4.054592 -1.376655 0.045813 -0.002554 -0.008353 27.002000
-4.063869 -1.377048 0.038693 -0.010078 -0.008491 27.059000
-4.074701 -1.377393 0.025073 -0.012356 -0.009319 27.108000
-4.083843 -1.377669 0.035288 -0.008007 -0.010285 27.156000
-4.089497 -1.377935 0.058814 -0.003037 -0.008283 27.211000
-4.097527 -1.378377 0.051075 -0.008905 -0.007179 27.260000
-4.107012 -1.378707 0.018573 -0.013116 -0.005867 27.314000
-4.116639 -1.378933 0.028169 -0.008560 -0.010700 27.362000
-4.124676 -1.379237 0.047670 -0.005867 -0.010216 27.417000
-4.130292 -1.379567 0.069648 -0.003175 -0.008076 27.465000
-4.138284 -1.380065 0.054790 -0.009664 -0.006351 27.520000
-4.147078 -1.380415 0.024764 -0.012149 -0.005453 27.568000
-4.157051 -1.380574 0.007120 -0.011942 -0.008007 27.623000
-4.165645 -1.380698 0.021668 -0.006972 -0.010216 27.671000
-4.172302 -1.380932 0.048599 -0.003659 -0.009664 27.725000
-4.181715 -1.381353 0.040860 -0.010285 -0.008560 27.774000
-4.192031 -1.381639 0.014549 -0.013254 -0.007386 27.828000
-4.201519 -1.381873 0.034669 -0.007248 -0.011735 27.876000
-4.208825 -1.382285 0.078006 -0.002485 -0.012149 27.931000
-4.217558 -1.383054 0.097817 -0.006558 -0.010976 27.980000
-4.229490 -1.384082 0.073982 -0.014634 -0.009319 28.036000
-4.239792 -1.384696 0.045194 -0.013530 -0.007110 28.087000
-4.247409 -1.385087 0.057266 -0.006282 -0.008974 28.137000
-4.255057 -1.385566 0.067791 -0.006489 -0.008836 28.187000
-4.265499 -1.386140 0.042098 -0.013323 -0.007593 28.238000
-4.275885 -1.386360 0.000310 -0.015048 -0.005729 28.287000
-4.283720 -1.386282 -0.020430 -0.010147 -0.005522 28.344000
-4.289621 -1.386217 -0.001548 -0.003797 -0.008007 28.395000
-4.296283 -1.386230 0.005572 -0.005867 -0.007455 28.445000
-4.305981 -1.386160 -0.020121 -0.012563 -0.006834 28.495000
-4.316469 -1.385874 -0.034360 -0.012080 -0.008905 28.545000
-4.324817 -1.385597 -0.031883 -0.008076 -0.008629 28.602000
-4.331373 -1.385447 -0.013930 -0.004556 -0.008560 28.653000
-4.338483 -1.385379 -0.005262 -0.006144 -0.008076 28.699000
-4.347077 -1.385300 -0.013001 -0.009457 -0.007731 28.756000
-4.356568 -1.385243 0.000929 -0.007938 -0.011045 28.805000
-4.365575 -1.385392 0.032193 -0.005522 -0.012494 28.855000
-4.373022 -1.385757 0.065624 -0.003728 -0.011183 28.910000
-4.382838 -1.386385 0.062219 -0.010216 -0.009457 28.959000
-4.392836 -1.386865 0.033741 -0.013185 -0.006834 29.009000
-4.401150 -1.387116 0.026621 -0.009112 -0.007524 29.059000
-4.409116 -1.387443 0.055409 -0.004763 -0.011183 29.117000
-4.418214 -1.387942 0.054171 -0.009250 -0.008974 29.168000
-4.428287 -1.388291 0.015168 -0.014427 -0.005729 29.214000
-4.436501 -1.388322 -0.007739 -0.010769 -0.005660 29.266000
-4.444266 -1.388400 0.027859 -0.003797 -0.011735 29.323000
-4.451646 -1.388708 0.055719 -0.004280 -0.010492 29.374000
-4.461507 -1.389161 0.035908 -0.012080 -0.007662 29.425000
-4.471239 -1.389266 -0.014239 -0.015324 -0.004142 29.476000
-4.479901 -1.389128 -0.017644 -0.009043 -0.008283 29.526000
-4.486390 -1.389100 0.008977 -0.003520 -0.009457 29.576000
-4.492809 -1.389189 0.018882 -0.005315 -0.007524 29.626000
-4.502508 -1.389239 -0.008667 -0.012770 -0.006627 29.682000
-4.512549 -1.389041 -0.030645 -0.012494 -0.007593 29.732000
-4.521280 -1.388862 -0.010525 -0.006489 -0.010976 29.782000
-4.527354 -1.388890 0.019811 -0.002692 -0.009457 29.832000
-4.535119 -1.389040 0.018882 -0.007869 -0.007662 29.888000
-4.544507 -1.389069 -0.012691 -0.012908 -0.005867 29.938000
-4.552786 -1.388813 -0.049218 -0.012356 -0.004211 29.988000
-4.559780 -1.388395 -0.069958 -0.009319 -0.004694 30.038000
-4.567221 -1.387941 -0.052004 -0.005453 -0.009457 30.094000
-4.574186 -1.387630 -0.037146 -0.005315 -0.008629 30.146000
-4.582359 -1.387295 -0.044884 -0.009043 -0.007317 30.195000
-4.591184 -1.386858 -0.054171 -0.009871 -0.007800 30.244000
-4.599732 -1.386399 -0.052933 -0.008422 -0.008698 30.299000
-4.608144 -1.386011 -0.039313 -0.006903 -0.009940 30.347000
-4.616972 -1.385628 -0.047361 -0.009733 -0.007938 30.401000
-4.625036 -1.385186 -0.062219 -0.009733 -0.006420 30.450000
-4.632681 -1.384672 -0.072125 -0.008767 -0.006558 30.505000
-4.641290 -1.384093 -0.062219 -0.007524 -0.009733 30.553000
-4.649803 -1.383638 -0.044575 -0.006558 -0.010492 30.608000
-4.658389 -1.383256 -0.044265 -0.008560 -0.008629 30.656000
-4.667734 -1.382870 -0.038384 -0.008698 -0.010009 30.711000
-4.675081 -1.382616 -0.030645 -0.006489 -0.008214 30.760000
-4.681465 -1.382473 -0.014239 -0.004556 -0.008214 30.814000
-4.689955 -1.382349 -0.014858 -0.008560 -0.008422 30.863000
-4.699857 -1.382096 -0.036217 -0.012287 -0.007524 30.918000
-4.709929 -1.381744 -0.033741 -0.009802 -0.010354 30.968000
-4.716279 -1.381614 -0.007120 -0.003382 -0.009319 31.016000
-4.723251 -1.381590 0.000310 -0.006144 -0.007800 31.066000
-4.733086 -1.381458 -0.027240 -0.012908 -0.006765 31.124000
-4.743365 -1.381076 -0.047051 -0.012494 -0.008076 31.175000
-4.752398 -1.380673 -0.042098 -0.008491 -0.009595 31.223000
-4.759298 -1.380453 -0.021668 -0.004625 -0.009181 31.274000
-4.767614 -1.380271 -0.021978 -0.008353 -0.008283 31.324000
-4.776825 -1.379993 -0.038384 -0.011045 -0.007386 31.375000
-4.786448 -1.379646 -0.033741 -0.009112 -0.010147 31.431000
-4.793488 -1.379509 -0.005262 -0.003866 -0.010216 31.480000
-4.801116 -1.379517 0.007429 -0.006213 -0.009043 31.535000
-4.811919 -1.379462 -0.017644 -0.013599 -0.008007 31.585000
-4.820889 -1.379217 -0.036836 -0.011114 -0.006834 31.636000
-4.828307 -1.379039 -0.011144 -0.004556 -0.010285 31.688000
-4.834762 -1.379086 0.025692 -0.002347 -0.010561 31.739000
-4.843283 -1.379322 0.029717 -0.0