Rspeed Rref Lspeed Lref Time
45.6 0.0 49.1 0.0 0.011
46.5 0.0 49.1 0.0 0.022
-18.4 0.0 -24.5 0.0 0.033
-39.4 0.0 -58.7 0.0 0.044
-22.8 0.0 -29.8 0.0 0.055
-16.7 0.0 12.3 0.0 0.066
-14.9 0.0 1.8 0.0 0.077
-13.1 0.0 -20.2 0.0 0.088
-14.9 0.0 -17.5 0.0 0.099
-14.0 0.0 -8.8 0.0 0.110
-14.0 0.0 -7.9 0.0 0.121
-8.8 0.0 -15.8 0.0 0.132
-6.1 0.0 -15.8 0.0 0.143
-6.1 0.0 -7.9 0.0 0.154
-6.1 0.0 -5.3 0.0 0.166
-6.1 0.0 -4.4 0.0 0.177
-5.3 0.0 -7.9 0.0 0.188
-6.1 0.0 -7.9 0.0 0.199
-5.3 0.0 -5.3 0.0 0.211
-5.3 0.0 -7.0 0.0 0.222
-5.3 0.0 -7.0 0.0 0.233
-4.4 0.0 -3.5 0.0 0.244
-4.4 0.0 -5.3 0.0 0.255
-3.5 0.0 -7.9 0.0 0.267
-3.5 0.0 -10.5 0.0 0.278
-4.4 0.0 -9.6 0.0 0.289
-4.4 0.0 -0.0 0.0 0.300
-3.5 0.0 -2.6 0.0 0.311
-4.4 0.0 -6.1 0.0 0.323
-3.5 0.0 -5.3 0.0 0.334
-0.0 0.0 -9.6 0.0 0.345
-0.0 0.0 -10.5 0.0 0.356
-2.6 0.0 2.6 0.0 0.368
-3.5 0.0 -3.5 0.0 0.379
-0.0 0.0 -2.6 0.0 0.390
-0.0 0.0 -4.4 0.0 0.401
-1.8 0.0 -7.9 0.0 0.412
-4.4 0.0 2.6 0.0 0.424
0.9 0.0 -0.9 0.0 0.435
-0.0 0.0 -7.0 0.0 0.446
-0.0 0.0 -4.4 0.0 0.457
-0.0 0.0 -2.6 0.0 0.469
-0.0 0.0 -2.6 0.0 0.480
-0.0 0.0 -0.9 0.0 0.491
-0.0 0.0 -0.9 0.0 0.502
-0.0 0.0 -0.0 0.0 0.513
-0.0 0.0 -0.9 0.0 0.525
-0.0 0.0 -0.0 0.0 0.536
-0.0 0.0 -0.9 0.0 0.547
-0.0 0.0 -0.9 0.0 0.558
-0.0 0.0 -0.0 0.0 0.569
-0.0 0.0 -1.8 0.0 0.581
-0.0 0.0 -0.9 0.0 0.592
-0.0 0.0 0.9 0.0 0.603
-0.0 0.0 -1.8 0.0 0.614
-0.0 0.0 -0.0 0.0 0.626
-0.0 0.0 0.9 0.0 0.637
-0.0 0.0 -0.0 0.0 0.648
-0.0 0.0 0.9 0.0 0.660
-0.0 0.0 1.8 0.0 0.671
-0.0 0.0 -0.0 0.0 0.682
-0.0 0.0 -5.3 0.0 0.693
-0.0 0.0 -0.9 0.0 0.704
-0.0 0.0 -0.0 0.0 0.716
-0.0 0.0 -0.9 0.0 0.727
-0.0 0.0 -0.9 0.0 0.738
-0.0 0.0 0.9 0.0 0.749
-0.0 0.0 0.9 0.0 0.761
-0.0 0.0 0.9 0.0 0.772
-0.0 0.0 -0.9 0.0 0.783
-0.0 0.0 0.9 0.0 0.794
-0.0 0.0 1.8 0.0 0.805
-0.0 0.0 0.9 0.0 0.816
-0.0 0.0 -6.1 0.0 0.828
-0.0 0.0 -2.6 0.0 0.839
-0.0 0.0 -1.8 0.0 0.850
-0.0 0.0 1.8 0.0 0.861
-0.0 0.0 -3.5 0.0 0.873
-0.0 0.0 1.8 0.0 0.884
-0.0 0.0 1.8 0.0 0.895
-0.0 0.0 -0.9 0.0 0.906
-0.0 0.0 -0.9 0.0 0.917
-0.0 0.0 -1.8 0.0 0.929
-0.0 0.0 -0.9 0.0 0.940
-0.0 0.0 0.9 0.0 0.951
-0.0 0.0 -0.0 0.0 0.962
-0.0 0.0 0.9 0.0 0.973
-0.0 0.0 -1.8 0.0 0.985
-0.0 0.0 1.8 0.0 0.996
-0.0 0.0 0.9 0.0 1.007
-0.0 0.0 0.9 0.0 1.018
-0.0 0.0 -0.9 0.0 1.030
-0.0 0.0 -1.8 0.0 1.041
-0.0 0.0 1.8 0.0 1.052
-0.0 0.0 0.9 0.0 1.064
-0.0 0.0 0.9 0.0 1.075
-0.0 0.0 1.8 0.0 1.086
-0.0 0.0 -2.6 0.0 1.097
-0.0 0.0 -1.8 0.0 1.109
-0.0 0.0 -0.9 0.0 1.120
-0.0 0.0 0.9 0.0 1.131
-0.0 0.0 1.8 0.0 1.142
-0.0 0.0 1.8 0.0 1.154
-0.0 0.0 -0.9 0.0 1.165
-0.0 0.0 -0.0 0.0 1.176
-0.0 0.0 -0.9 0.0 1.187
-0.0 0.0 -0.9 0.0 1.199
-0.0 0.0 2.6 0.0 1.210
-0.0 0.0 -1.8 0.0 1.221
-0.0 0.0 -2.6 0.0 1.232
-0.0 0.0 -0.0 0.0 1.243
-0.0 0.0 1.8 0.0 1.254
-0.0 0.0 -3.5 0.0 1.266
-0.0 0.0 -0.0 0.0 1.277
-0.0 0.0 0.9 0.0 1.288
-0.0 0.0 -2.6 0.0 1.299
-0.0 0.0 -2.6 0.0 1.310
-0.0 0.0 2.6 0.0 1.321
-0.0 0.0 -0.0 0.0 1.332
-0.0 0.0 -2.6 0.0 1.344
-0.0 0.0 -0.0 0.0 1.355
-0.0 0.0 3.5 0.0 1.366
-0.0 0.0 -1.8 0.0 1.377
-0.0 0.0 -7.0 0.0 1.388
-0.0 0.0 -1.8 0.0 1.399
-0.0 0.0 -2.6 0.0 1.410
-0.0 0.0 2.6 0.0 1.421
-0.0 0.0 -0.9 0.0 1.433
-0.0 0.0 -1.8 0.0 1.444
-0.0 0.0 2.6 0.0 1.455
-0.0 0.0 -2.6 0.0 1.467
-0.0 0.0 0.9 0.0 1.478
-0.0 0.0 0.9 0.0 1.489
-0.0 0.0 1.8 0.0 1.500
-0.0 0.0 0.9 0.0 1.511
-0.0 0.0 2.6 0.0 1.522
-0.0 0.0 -1.8 0.0 1.534
-0.0 0.0 0.9 0.0 1.545
-0.0 0.0 -1.8 0.0 1.556
-0.0 0.0 -1.8 0.0 1.568
-0.0 0.0 -0.9 0.0 1.579
-0.0 0.0 1.8 0.0 1.590
-0.0 0.0 1.8 0.0 1.602
-0.0 0.0 1.8 0.0 1.613
-0.0 0.0 -0.0 0.0 1.624
-0.0 0.0 -0.0 0.0 1.635
-0.0 0.0 3.5 0.0 1.646
-0.0 0.0 -2.6 0.0 1.657
-0.0 0.0 3.5 0.0 1.669
-0.0 0.0 -1.8 0.0 1.680
-0.0 0.0 -7.0 0.0 1.691
-0.0 0.0 -1.8 0.0 1.702
-0.0 0.0 -0.0 0.0 1.714
-0.0 0.0 -0.9 0.0 1.729
-0.0 0.0 -0.0 0.0 1.740
-0.0 0.0 -0.9 0.0 1.752
-0.0 0.0 0.9 0.0 1.763
-0.0 0.0 -0.9 0.0 1.774
-0.0 0.0 2.6 0.0 1.785
-0.0 0.0 -0.0 0.0 1.796
-0.0 0.0 -1.8 0.0 1.807
-0.0 0.0 -0.9 0.0 1.818
-0.0 0.0 -1.8 0.0 1.829
-0.0 0.0 -2.6 0.0 1.840
-0.0 0.0 0.9 0.0 1.851
-0.0 0.0 0.9 0.0 1.862
-0.0 0.0 -0.0 0.0 1.873
-0.0 0.0 1.8 0.0 1.884
-0.0 0.0 1.8 0.0 1.895
-0.0 0.0 0.9 0.0 1.906
-0.0 0.0 0.9 0.0 1.917
-0.0 0.0 -1.8 0.0 1.928
-0.0 0.0 1.8 0.0 1.939
-0.0 0.0 1.8 0.0 1.950
-0.0 0.0 -0.9 0.0 1.961
-0.0 0.0 -0.9 0.0 1.972
-0.0 0.0 -1.8 0.0 1.983
-0.0 0.0 1.8 0.0 1.994
-0.0 10.0 -0.0 10.0 2.005
-0.0 10.0 1.8 10.0 2.016
2.6 10.0 3.5 10.0 2.027
5.3 10.0 5.3 10.0 2.038
4.4 10.0 7.0 10.0 2.049
4.4 10.0 7.9 10.0 2.060
5.3 10.0 9.6 10.0 2.071
4.4 10.0 7.0 10.0 2.082
4.4 10.0 9.6 10.0 2.093
3.5 10.0 9.6 10.0 2.104
3.5 10.0 7.0 10.0 2.115
3.5 10.0 8.8 10.0 2.126
3.5 10.0 6.1 10.0 2.137
4.4 10.0 11.4 10.0 2.148
4.4 10.0 7.9 10.0 2.159
12.3 10.0 6.1 10.0 2.170
13.1 10.0 7.0 10.0 2.181
7.9 10.0 7.9 10.0 2.192
5.3 10.0 8.8 10.0 2.203
5.3 10.0 9.6 10.0 2.214
13.1 10.0 7.9 10.0 2.225
14.0 10.0 11.4 10.0 2.236
6.1 10.0 7.9 10.0 2.247
4.4 10.0 12.3 10.0 2.258
10.5 10.0 6.1 10.0 2.269
14.0 10.0 11.4 10.0 2.280
7.0 10.0 10.5 10.0 2.291
4.4 10.0 6.1 10.0 2.302
10.5 10.0 7.0 10.0 2.313
13.1 10.0 7.0 10.0 2.324
7.9 10.0 8.8 10.0 2.335
4.4 10.0 10.5 10.0 2.346
10.5 10.0 9.6 10.0 2.357
14.0 10.0 12.3 10.0 2.368
14.0 10.0 10.5 10.0 2.379
6.1 10.0 6.1 10.0 2.390
3.5 10.0 10.5 10.0 2.401
11.4 10.0 10.5 10.0 2.412
13.1 10.0 8.8 10.0 2.423
14.0 10.0 4.4 10.0 2.434
6.1 10.0 8.8 10.0 2.445
4.4 10.0 13.1 10.0 2.456
12.3 10.0 14.0 10.0 2.467
14.9 10.0 9.6 10.0 2.478
6.1 10.0 7.9 10.0 2.489
2.6 10.0 8.8 10.0 2.500
11.4 10.0 9.6 10.0 2.511
14.9 10.0 10.5 10.0 2.522
14.0 10.0 10.5 10.0 2.533
7.9 10.0 7.9 10.0 2.544
7.0 10.0 11.4 10.0 2.555
14.0 10.0 9.6 10.0 2.566
16.7 10.0 10.5 10.0 2.577
9.6 10.0 9.6 10.0 2.588
6.1 10.0 6.1 10.0 2.599
5.3 10.0 10.5 10.0 2.610
11.4 10.0 11.4 10.0 2.621
14.9 10.0 7.9 10.0 2.632
7.9 10.0 7.9 10.0 2.643
6.1 10.0 8.8 10.0 2.654
13.1 10.0 10.5 10.0 2.665
15.8 10.0 13.1 10.0 2.677
7.0 10.0 9.6 10.0 2.688
7.0 10.0 13.1 10.0 2.699
13.1 10.0 9.6 10.0 2.710
16.7 10.0 8.8 10.0 2.721
9.6 10.0 6.1 10.0 2.732
6.1 10.0 5.3 10.0 2.743
5.3 10.0 14.9 10.0 2.754
13.1 10.0 21.0 10.0 2.765
16.7 10.0 6.1 10.0 2.776
8.8 10.0 -0.0 10.0 2.787
7.0 10.0 7.9 10.0 2.798
6.1 10.0 18.4 10.0 2.809
13.1 10.0 12.3 10.0 2.820
14.0 10.0 7.9 10.0 2.831
7.0 10.0 6.1 10.0 2.842
4.4 10.0 7.9 10.0 2.853
10.5 10.0 15.8 10.0 2.864
12.3 10.0 8.8 10.0 2.875
6.1 10.0 10.5 10.0 2.886
3.5 10.0 7.9 10.0 2.897
10.5 10.0 13.1 10.0 2.908
14.9 10.0 10.5 10.0 2.919
15.8 10.0 10.5 10.0 2.930
7.9 10.0 7.9 10.0 2.941
7.0 10.0 11.4 10.0 2.952
14.0 10.0 9.6 10.0 2.963
14.0 10.0 11.4 10.0 2.974
7.0 10.0 7.0 10.0 2.985
5.3 10.0 9.6 10.0 2.996
13.1 50.0 3.5 50.0 3.007
14.0 50.0 11.4 50.0 3.018
43.0 50.0 52.6 50.0 3.029
53.5 50.0 63.1 50.0 3.040
49.1 50.0 44.7 50.0 3.051
46.5 50.0 33.3 50.0 3.062
46.5 50.0 43.8 50.0 3.073
47.3 50.0 56.1 50.0 3.084
46.5 50.0 56.1 50.0 3.095
46.5 50.0 39.4 50.0 3.106
47.3 50.0 39.4 50.0 3.117
47.3 50.0 47.3 50.0 3.128
48.2 50.0 50.0 50.0 3.139
48.2 50.0 53.5 50.0 3.150
48.2 50.0 39.4 50.0 3.161
46.5 50.0 41.2 50.0 3.172
47.3 50.0 46.5 50.0 3.183
46.5 50.0 49.1 50.0 3.194
47.3 50.0 46.5 50.0 3.205
48.2 50.0 52.6 50.0 3.216
46.5 50.0 52.6 50.0 3.227
46.5 50.0 41.2 50.0 3.238
47.3 50.0 37.7 50.0 3.249
46.5 50.0 46.5 50.0 3.260
47.3 50.0 57.0 50.0 3.271
56.1 50.0 49.1 50.0 3.282
57.0 50.0 42.1 50.0 3.293
50.0 50.0 46.5 50.0 3.304
46.5 50.0 50.8 50.0 3.315
48.2 50.0 49.1 50.0 3.326
48.2 50.0 51.7 50.0 3.337
47.3 50.0 48.2 50.0 3.348
47.3 50.0 49.1 50.0 3.359
53.5 50.0 50.8 50.0 3.370
57.0 50.0 51.7 50.0 3.381
50.8 50.0 47.3 50.0 3.392
47.3 50.0 51.7 50.0 3.403
47.3 50.0 50.0 50.0 3.414
48.2 50.0 48.2 50.0 3.425
47.3 50.0 49.1 50.0 3.436
46.5 50.0 50.0 50.0 3.447
54.3 50.0 48.2 50.0 3.458
57.0 50.0 50.0 50.0 3.469
50.8 50.0 51.7 50.0 3.480
49.1 50.0 49.1 50.0 3.491
47.3 50.0 52.6 50.0 3.502
45.6 50.0 49.1 50.0 3.513
49.1 50.0 50.8 50.0 3.524
55.2 50.0 50.0 50.0 3.535
50.0 50.0 49.1 50.0 3.546
48.2 50.0 48.2 50.0 3.557
49.1 50.0 47.3 50.0 3.568
47.3 50.0 49.1 50.0 3.579
47.3 50.0 52.6 50.0 3.590
54.3 50.0 52.6 50.0 3.601
57.9 50.0 51.7 50.0 3.612
49.1 50.0 49.1 50.0 3.623
48.2 50.0 50.8 50.0 3.634
49.1 50.0 49.1 50.0 3.645
47.3 50.0 50.8 50.0 3.657
49.1 50.0 47.3 50.0 3.668
56.1 50.0 50.8 50.0 3.679
48.2 50.0 51.7 50.0 3.690
47.3 50.0 50.0 50.0 3.701
49.1 50.0 48.2 50.0 3.712
55.2 50.0 49.1 50.0 3.723
50.8 50.0 49.1 50.0 3.734
48.2 50.0 49.1 50.0 3.745
48.2 50.0 51.7 50.0 3.756
47.3 50.0 50.0 50.0 3.767
48.2 50.0 50.0 50.0 3.778
54.3 50.0 48.2 50.0 3.789
57.9 50.0 49.1 50.0 3.800
52.6 50.0 53.5 50.0 3.811
46.5 50.0 48.2 50.0 3.822
45.6 50.0 50.8 50.0 3.833
49.1 50.0 50.8 50.0 3.844
55.2 50.0 49.1 50.0 3.855
49.1 50.0 50.0 50.0 3.866
46.5 50.0 50.8 50.0 3.877
47.3 50.0 50.0 50.0 3.888
46.5 50.0 50.0 50.0 3.899
47.3 50.0 49.1 50.0 3.910
55.2 50.0 50.8 50.0 3.921
57.0 50.0 48.2 50.0 3.932
49.1 50.0 49.1 50.0 3.943
48.2 50.0 49.1 50.0 3.954
44.7 50.0 49.1 50.0 3.965
47.3 50.0 49.1 50.0 3.976
54.3 50.0 51.7 50.0 3.987
58.7 50.0 49.1 50.0 3.998
49.1 -10.0 50.0 -10.0 4.009
48.2 -10.0 51.7 -10.0 4.020
7.0 -10.0 -6.1 -10.0 4.031
-10.5 -10.0 -29.8 -10.0 4.042
-0.0 -10.0 -1.8 -10.0 4.053
-0.0 -10.0 15.8 -10.0 4.064
-0.0 -10.0 4.4 -10.0 4.075
-0.0 -10.0 -12.3 -10.0 4.086
-5.3 -10.0 -6.1 -10.0 4.097
-6.1 -10.0 1.8 -10.0 4.108
-6.1 -10.0 -2.6 -10.0 4.119
-7.9 -10.0 -5.3 -10.0 4.130
-5.3 -10.0 -4.4 -10.0 4.141
-6.1 -10.0 -1.8 -10.0 4.152
-6.1 -10.0 -2.6 -10.0 4.163
-5.3 -10.0 -6.1 -10.0 4.174
-5.3 -10.0 -7.9 -10.0 4.185
-4.4 -10.0 -7.0 -10.0 4.196
-4.4 -10.0 -0.0 -10.0 4.207
-4.4 -10.0 -6.1 -10.0 4.218
-3.5 -10.0 -7.0 -10.0 4.229
-4.4 -10.0 -7.0 -10.0 4.240
-4.4 -10.0 -7.0 -10.0 4.251
-4.4 -10.0 -7.9 -10.0 4.262
-5.3 -10.0 -4.4 -10.0 4.273
-4.4 -10.0 -7.9 -10.0 4.284
-12.3 -10.0 -7.9 -10.0 4.295
-15.8 -10.0 -7.0 -10.0 4.306
-8.8 -10.0 -5.3 -10.0 4.317
-7.9 -10.0 -11.4 -10.0 4.328
-7.9 -10.0 -8.8 -10.0 4.339
-7.0 -10.0 -6.1 -10.0 4.350
-7.0 -10.0 -2.6 -10.0 4.361
-14.0 -10.0 -8.8 -10.0 4.372
-15.8 -10.0 -4.4 -10.0 4.383
-8.8 -10.0 -7.9 -10.0 4.394
-6.1 -10.0 -5.3 -10.0 4.405
-5.3 -10.0 -10.5 -10.0 4.416
-12.3 -10.0 -3.5 -10.0 4.427
-14.0 -10.0 -9.6 -10.0 4.438
-6.1 -10.0 -12.3 -10.0 4.449
-3.5 -10.0 -7.9 -10.0 4.460
-10.5 -10.0 -5.3 -10.0 4.471
-13.1 -10.0 -3.5 -10.0 4.482
-7.0 -10.0 -6.1 -10.0 4.493
-2.6 -10.0 -16.7 -10.0 4.504
-8.8 -10.0 -10.5 -10.0 4.515
-11.4 -10.0 -8.8 -10.0 4.526
-13.1 -10.0 -7.9 -10.0 4.537
-14.9 -10.0 -7.0 -10.0 4.548
-8.8 -10.0 -6.1 -10.0 4.559
-7.0 -10.0 -6.1 -10.0 4.570
-14.0 -10.0 -12.3 -10.0 4.581
-14.9 -10.0 -14.0 -10.0 4.592
-8.8 -10.0 -7.0 -10.0 4.603
-6.1 -10.0 -7.9 -10.0 4.614
-5.3 -10.0 -6.1 -10.0 4.625
-13.1 -10.0 -5.3 -10.0 4.636
-14.0 -10.0 -14.0 -10.0 4.647
-8.8 -10.0 -14.9 -10.0 4.658
-6.1 -10.0 -10.5 -10.0 4.669
-13.1 -10.0 -6.1 -10.0 4.680
-15.8 -10.0 -9.6 -10.0 4.691
-10.5 -10.0 -17.5 -10.0 4.702
-8.8 -10.0 -6.1 -10.0 4.713
-7.9 -10.0 -6.1 -10.0 4.724
-7.0 -10.0 -18.4 -10.0 4.735
-13.1 -10.0 -17.5 -10.0 4.746
-15.8 -10.0 -11.4 -10.0 4.757
-7.9 -10.0 -8.8 -10.0 4.768
-7.0 -10.0 -10.5 -10.0 4.779
-6.1 -10.0 -7.9 -10.0 4.790
-13.1 -10.0 -5.3 -10.0 4.801
-14.9 -10.0 -8.8 -10.0 4.812
-7.9 -10.0 -17.5 -10.0 4.823
-5.3 -10.0 -10.5 -10.0 4.834
-5.3 -10.0 -7.0 -10.0 4.845
-12.3 -10.0 -7.9 -10.0 4.856
-14.9 -10.0 -5.3 -10.0 4.867
-7.0 -10.0 -6.1 -10.0 4.878
-6.1 -10.0 -11.4 -10.0 4.889
-13.1 -10.0 -15.8 -10.0 4.900
-15.8 -10.0 -9.6 -10.0 4.911
-8.8 -10.0 -7.0 -10.0 4.922
-7.9 -10.0 -3.5 -10.0 4.933
-7.9 -10.0 -6.1 -10.0 4.944
-13.1 -10.0 -12.3 -10.0 4.955
-14.9 -10.0 -12.3 -10.0 4.966
-8.8 -10.0 -7.0 -10.0 4.977
-5.3 -10.0 -5.3 -10.0 4.988
-5.3 -10.0 -15.8 -10.0 4.998
-12.3 -50.0 -16.7 -50.0 5.010
-15.8 -50.0 -10.5 -50.0 5.021
-36.8 -50.0 -44.7 -50.0 5.032
-45.6 -50.0 -61.4 -50.0 5.043
-47.3 -50.0 -44.7 -50.0 5.054
-40.3 -50.0 -30.7 -50.0 5.065
-37.7 -50.0 -36.8 -50.0 5.076
-43.8 -50.0 -43.8 -50.0 5.087
-47.3 -50.0 -45.6 -50.0 5.097
-45.6 -50.0 -41.2 -50.0 5.108
-47.3 -50.0 -38.6 -50.0 5.120
-48.2 -50.0 -45.6 -50.0 5.131
-47.3 -50.0 -47.3 -50.0 5.142
-48.2 -50.0 -47.3 -50.0 5.153
-46.5 -50.0 -40.3 -50.0 5.164
-47.3 -50.0 -38.6 -50.0 5.175
-46.5 -50.0 -45.6 -50.0 5.186
-49.1 -50.0 -49.1 -50.0 5.197
-48.2 -50.0 -47.3 -50.0 5.208
-46.5 -50.0 -47.3 -50.0 5.219
-47.3 -50.0 -48.2 -50.0 5.230
-48.2 -50.0 -48.2 -50.0 5.241
-47.3 -50.0 -48.2 -50.0 5.252
-46.5 -50.0 -49.1 -50.0 5.263
-49.1 -50.0 -49.1 -50.0 5.274
-48.2 -50.0 -50.0 -50.0 5.285
-45.6 -50.0 -47.3 -50.0 5.296
-46.5 -50.0 -47.3 -50.0 5.307
-48.2 -50.0 -49.1 -50.0 5.318
-48.2 -50.0 -46.5 -50.0 5.329
-47.3 -50.0 -49.1 -50.0 5.340
-48.2 -50.0 -48.2 -50.0 5.351
-55.2 -50.0 -50.0 -50.0 5.362
-45.6 -50.0 -47.3 -50.0 5.373
-49.1 -50.0 -47.3 -50.0 5.384
-57.0 -50.0 -49.1 -50.0 5.395
-49.1 -50.0 -48.2 -50.0 5.406
-49.1 -50.0 -46.5 -50.0 5.417
-49.1 -50.0 -48.2 -50.0 5.428
-48.2 -50.0 -49.1 -50.0 5.439
-45.6 -50.0 -48.2 -50.0 5.450
-47.3 -50.0 -46.5 -50.0 5.461
-53.5 -50.0 -48.2 -50.0 5.472
-55.2 -50.0 -48.2 -50.0 5.483
-50.0 -50.0 -50.8 -50.0 5.494
-48.2 -50.0 -51.7 -50.0 5.505
-46.5 -50.0 -48.2 -50.0 5.516
-45.6 -50.0 -48.2 -50.0 5.527
-55.2 -50.0 -48.2 -50.0 5.538
-57.0 -50.0 -49.1 -50.0 5.549
-50.0 -50.0 -50.0 -50.0 5.560
-49.1 -50.0 -49.1 -50.0 5.571
-46.5 -50.0 -48.2 -50.0 5.582
-46.5 -50.0 -48.2 -50.0 5.593
-53.5 -50.0 -49.1 -50.0 5.604
-57.0 -50.0 -47.3 -50.0 5.615
-52.6 -50.0 -49.1 -50.0 5.626
-50.0 -50.0 -48.2 -50.0 5.637
-47.3 -50.0 -48.2 -50.0 5.648
-45.6 -50.0 -48.2 -50.0 5.659
-45.6 -50.0 -47.3 -50.0 5.670
-55.2 -50.0 -48.2 -50.0 5.681
-57.0 -50.0 -47.3 -50.0 5.692
-49.1 -50.0 -49.1 -50.0 5.703
-48.2 -50.0 -49.1 -50.0 5.714
-47.3 -50.0 -49.1 -50.0 5.725
-46.5 -50.0 -49.1 -50.0 5.736
-46.5 -50.0 -47.3 -50.0 5.747
-55.2 -50.0 -47.3 -50.0 5.758
-56.1 -50.0 -55.2 -50.0 5.769
-51.7 -50.0 -59.6 -50.0 5.780
-48.2 -50.0 -50.0 -50.0 5.791
-44.7 -50.0 -42.1 -50.0 5.802
-45.6 -50.0 -45.6 -50.0 5.813
-53.5 -50.0 -54.3 -50.0 5.824
-55.2 -50.0 -58.7 -50.0 5.835
-48.2 -50.0 -50.0 -50.0 5.846
-49.1 -50.0 -49.1 -50.0 5.857
-47.3 -50.0 -50.0 -50.0 5.868
-47.3 -50.0 -48.2 -50.0 5.879
-46.5 -50.0 -47.3 -50.0 5.890
-53.5 -50.0 -49.1 -50.0 5.901
-54.3 -50.0 -50.0 -50.0 5.912
-50.8 -50.0 -49.1 -50.0 5.923
-46.5 -50.0 -48.2 -50.0 5.934
-45.6 -50.0 -48.2 -50.0 5.945
-54.3 -50.0 -49.1 -50.0 5.956
-57.0 -50.0 -48.2 -50.0 5.967
-47.3 -50.0 -48.2 -50.0 5.978
-45.6 -50.0 -49.1 -50.0 5.989
-46.5 0.0 -48.2 0.0 6.000
-54.3 0.0 -49.1 0.0 6.011
-18.4 0.0 -6.1 0.0 6.022
-0.9 0.0 3.5 0.0 6.033
-1.8 0.0 -14.0 0.0 6.044
-11.4 0.0 -14.0 0.0 6.055
-14.0 0.0 -6.1 0.0 6.066
-7.0 0.0 -6.1 0.0 6.077
-6.1 0.0 -7.9 0.0 6.088
-6.1 0.0 -5.3 0.0 6.099
-6.1 0.0 -6.1 0.0 6.110
-7.0 0.0 -7.9 0.0 6.121
-6.1 0.0 -4.4 0.0 6.132
-7.0 0.0 -5.3 0.0 6.143
-4.4 0.0 -7.0 0.0 6.154
-5.3 0.0 -4.4 0.0 6.165
-4.4 0.0 -7.0 0.0 6.176
-0.0 0.0 -5.3 0.0 6.187
-0.0 0.0 -7.9 0.0 6.198
-2.6 0.0 -5.3 0.0 6.209
-3.5 0.0 -7.9 0.0 6.220
-0.0 0.0 -5.3 0.0 6.231
-0.0 0.0 -9.6 0.0 6.242
-3.5 0.0 -10.5 0.0 6.253
-3.5 0.0 -0.0 0.0 6.264
-0.0 0.0 -0.9 0.0 6.275
-0.0 0.0 -5.3 0.0 6.286
-0.0 0.0 -6.1 0.0 6.297
-0.0 0.0 1.8 0.0 6.308
-0.0 0.0 0.9 0.0 6.319
-0.0 0.0 -8.8 0.0 6.330
-0.0 0.0 -6.1 0.0 6.341
-0.0 0.0 0.9 0.0 6.352
-0.0 0.0 -1.8 0.0 6.363
-0.0 0.0 -8.8 0.0 6.374
-0.0 0.0 1.8 0.0 6.385
-0.0 0.0 -0.9 0.0 6.396
-0.0 0.0 -3.5 0.0 6.407
-0.0 0.0 0.9 0.0 6.418
-0.0 0.0 -0.0 0.0 6.429
-0.0 0.0 -5.3 0.0 6.440
-0.0 0.0 -8.8 0.0 6.451
-0.0 0.0 -0.9 0.0 6.462
-0.0 0.0 1.8 0.0 6.473
-0.0 0.0 -0.0 0.0 6.484
-0.0 0.0 -7.9 0.0 6.495
-0.0 0.0 -0.0 0.0 6.506
-0.0 0.0 0.9 0.0 6.517
-0.0 0.0 -1.8 0.0 6.528
-0.0 0.0 -1.8 0.0 6.538
-0.0 0.0 -0.9 0.0 6.549
-0.0 0.0 -0.9 0.0 6.560
-0.0 0.0 -1.8 0.0 6.571
-0.0 0.0 -0.0 0.0 6.582
-0.0 0.0 -1.8 0.0 6.593
-0.0 0.0 1.8 0.0 6.604
-0.0 0.0 1.8 0.0 6.615
-0.0 0.0 1.8 0.0 6.626
-0.0 0.0 0.9 0.0 6.637
-0.0 0.0 0.9 0.0 6.648
-0.0 0.0 -0.0 0.0 6.659
-0.0 0.0 -0.0 0.0 6.670
-0.0 0.0 0.9 0.0 6.681
-0.0 0.0 -1.8 0.0 6.692
-0.0 0.0 -0.9 0.0 6.703
-0.0 0.0 -0.0 0.0 6.714
-0.0 0.0 -0.0 0.0 6.725
-0.0 0.0 -0.9 0.0 6.736
-0.0 0.0 1.8 0.0 6.747
-0.0 0.0 -0.0 0.0 6.758
-0.0 0.0 -0.0 0.0 6.769
-0.0 0.0 2.6 0.0 6.780
-0.0 0.0 0.9 0.0 6.791
-0.0 0.0 -5.3 0.0 6.802
-0.0 0.0 0.9 0.0 6.813
-0.0 0.0 -1.8 0.0 6.824
-0.0 0.0 -0.9 0.0 6.835
-0.0 0.0 1.8 0.0 6.846
-0.0 0.0 0.9 0.0 6.857
-0.0 0.0 -0.0 0.0 6.868
-0.0 0.0 -2.6 0.0 6.879
-0.0 0.0 -1.8 0.0 6.890
-0.0 0.0 -1.8 0.0 6.901
-0.0 0.0 -2.6 0.0 6.912
-0.0 0.0 -1.8 0.0 6.923
-0.0 0.0 1.8 0.0 6.934
-0.0 0.0 0.9 0.0 6.945
-0.0 0.0 0.9 0.0 6.956
-0.0 0.0 -2.6 0.0 6.967
-0.0 0.0 -1.8 0.0 6.978
-0.0 0.0 1.8 0.0 6.989
-0.0 0.0 -2.6 0.0 7.000
-0.0 0.0 1.8 0.0 7.011
-0.0 0.0 -0.0 0.0 7.022
-0.0 0.0 -1.8 0.0 7.033
-0.0 0.0 -0.9 0.0 7.044
-0.0 0.0 -2.6 0.0 7.055
-0.0 0.0 0.9 0.0 7.066
-0.0 0.0 -0.9 0.0 7.077
-0.0 0.0 1.8 0.0 7.088
-0.0 0.0 -0.9 0.0 7.099
-0.0 0.0 1.8 0.0 7.110
-0.0 0.0 -0.9 0.0 7.121
-0.0 0.0 -0.9 0.0 7.132
-0.0 0.0 -0.9 0.0 7.143
-0.0 0.0 -0.9 0.0 7.154
-0.0 0.0 1.8 0.0 7.165
-0.0 0.0 1.8 0.0 7.176
-0.0 0.0 0.9 0.0 7.187
-0.0 0.0 -0.0 0.0 7.198
-0.0 0.0 -1.8 0.0 7.209
-0.0 0.0 1.8 0.0 7.220
-0.0 0.0 -1.8 0.0 7.231
-0.0 0.0 -0.0 0.0 7.242
-0.0 0.0 1.8 0.0 7.253
-0.0 0.0 -0.9 0.0 7.264
-0.0 0.0 1.8 0.0 7.275
-0.0 0.0 1.8 0.0 7.286
-0.0 0.0 1.8 0.0 7.297
-0.0 0.0 -1.8 0.0 7.308
-0.0 0.0 0.9 0.0 7.319
-0.0 0.0 1.8 0.0 7.330
-0.0 0.0 -0.0 0.0 7.341
-0.0 0.0 -0.0 0.0 7.352
-0.0 0.0 1.8 0.0 7.363
-0.0 0.0 1.8 0.0 7.374
-0.0 0.0 2.6 0.0 7.385
-0.0 0.0 0.9 0.0 7.396
-0.0 0.0 2.6 0.0 7.407
-0.0 0.0 -1.8 0.0 7.418
-0.0 0.0 -8.8 0.0 7.429
-0.0 0.0 -0.0 0.0 7.440
-0.0 0.0 0.9 0.0 7.451
-0.0 0.0 1.8 0.0 7.462
-0.0 0.0 -0.9 0.0 7.473
-0.0 0.0 -0.9 0.0 7.484
-0.0 0.0 -1.8 0.0 7.495
-0.0 0.0 -0.0 0.0 7.506
-0.0 0.0 -0.0 0.0 7.516
-0.0 0.0 -1.8 0.0 7.527
-0.0 0.0 -0.0 0.0 7.538
-0.0 0.0 -0.0 0.0 7.549
-0.0 0.0 -1.8 0.0 7.560
-0.0 0.0 0.9 0.0 7.571
-0.0 0.0 -1.8 0.0 7.582
-0.0 0.0 -0.0 0.0 7.593
-0.0 0.0 -2.6 0.0 7.604
-0.0 0.0 -0.0 0.0 7.615
-0.0 0.0 2.6 0.0 7.626
-0.0 0.0 -2.6 0.0 7.637
-0.0 0.0 -0.0 0.0 7.648
-0.0 0.0 -0.0 0.0 7.659
-0.0 0.0 -0.0 0.0 7.670
-0.0 0.0 -1.8 0.0 7.681
-0.0 0.0 0.9 0.0 7.692
-0.0 0.0 2.6 0.0 7.703
-0.0 0.0 -2.6 0.0 7.714
-0.0 0.0 -0.9 0.0 7.725
-0.0 0.0 0.9 0.0 7.736
-0.0 0.0 0.9 0.0 7.747
-0.0 0.0 0.9 0.0 7.758
-0.0 0.0 -0.0 0.0 7.769
-0.0 0.0 -0.9 0.0 7.780
-0.0 0.0 0.9 0.0 7.791
-0.0 0.0 0.9 0.0 7.802
-0.0 0.0 -2.6 0.0 7.813
-0.0 0.0 -0.0 0.0 7.824
-0.0 0.0 -1.8 0.0 7.835
-0.0 0.0 1.8 0.0 7.846
-0.0 0.0 2.6 0.0 7.857
-0.0 0.0 -1.8 0.0 7.868
-0.0 0.0 2.6 0.0 7.879
-0.0 0.0 0.9 0.0 7.890
-0.0 0.0 -2.6 0.0 7.901
-0.0 0.0 0.9 0.0 7.912
-0.0 0.0 1.8 0.0 7.923
-0.0 0.0 -0.0 0.0 7.934
-0.0 0.0 -0.0 0.0 7.945
-0.0 0.0 -1.8 0.0 7.956
-0.0 0.0 -0.9 0.0 7.967
-0.0 0.0 0.9 0.0 7.978
-0.0 0.0 0.9 0.0 7.989
-0.0 0.0 -0.0 0.0 8.000
-0.0 10.0 -0.0 10.0 8.011
-0.0 10.0 -0.9 10.0 8.022
1.8 10.0 5.3 10.0 8.033
4.4 10.0 5.3 10.0 8.044
4.4 10.0 7.9 10.0 8.055
4.4 10.0 8.8 10.0 8.066
5.3 10.0 11.4 10.0 8.077
4.4 10.0 14.0 10.0 8.088
4.4 10.0 14.0 10.0 8.099
4.4 10.0 1.8 10.0 8.110
4.4 10.0 -1.8 10.0 8.121
6.1 10.0 9.6 10.0 8.132
4.4 10.0 12.3 10.0 8.143
5.3 10.0 8.8 10.0 8.154
4.4 10.0 8.8 10.0 8.165
5.3 10.0 6.1 10.0 8.176
11.4 10.0 9.6 10.0 8.187
14.0 10.0 11.4 10.0 8.198
7.0 10.0 10.5 10.0 8.209
4.4 10.0 13.1 10.0 8.220
3.5 10.0 7.0 10.0 8.231
11.4 10.0 8.8 10.0 8.242
14.9 10.0 10.5 10.0 8.253
7.0 10.0 7.9 10.0 8.264
3.5 10.0 11.4 10.0 8.275
10.5 10.0 10.5 10.0 8.286
13.1 10.0 9.6 10.0 8.297
7.0 10.0 7.0 10.0 8.308
3.5 10.0 9.6 10.0 8.319
9.6 10.0 7.9 10.0 8.330
13.1 10.0 10.5 10.0 8.341
12.3 10.0 12.3 10.0 8.352
5.3 10.0 8.8 10.0 8.363
2.6 10.0 8.8 10.0 8.374
10.5 10.0 10.5 10.0 8.385
12.3 10.0 8.8 10.0 8.396
13.1 10.0 7.0 10.0 8.407
12.3 10.0 6.1 10.0 8.418
7.9 10.0 8.8 10.0 8.429
4.4 10.0 11.4 10.0 8.440
11.4 10.0 9.6 10.0 8.451
13.1 10.0 6.1 10.0 8.462
12.3 10.0 12.3 10.0 8.473
6.1 10.0 4.4 10.0 8.484
4.4 10.0 8.8 10.0 8.496
12.3 10.0 7.0 10.0 8.506
13.1 10.0 11.4 10.0 8.518
14.9 10.0 6.1 10.0 8.529
16.7 10.0 11.4 10.0 8.540
8.8 10.0 6.1 10.0 8.551
7.0 10.0 7.9 10.0 8.562
11.4 10.0 5.3 10.0 8.573
14.0 10.0 6.1 10.0 8.584
7.0 10.0 16.7 10.0 8.595
5.3 10.0 21.9 10.0 8.606
12.3 10.0 14.9 10.0 8.617
14.0 10.0 3.5 10.0 8.628
7.0 10.0 10.5 10.0 8.639
6.1 10.0 19.3 10.0 8.650
10.5 10.0 14.0 10.0 8.661
14.0 10.0 -0.0 10.0 8.672
16.7 10.0 5.3 10.0 8.683
8.8 10.0 13.1 10.0 8.694
5.3 10.0 11.4 10.0 8.705
12.3 10.0 7.9 10.0 8.716
14.9 10.0 5.3 10.0 8.727
8.8 10.0 10.5 10.0 8.738
7.0 10.0 8.8 10.0 8.749
5.3 10.0 8.8 10.0 8.760
12.3 10.0 10.5 10.0 8.771
14.9 10.0 11.4 10.0 8.782
8.8 10.0 4.4 10.0 8.793
3.5 10.0 9.6 10.0 8.804
9.6 10.0 21.9 10.0 8.815
11.4 10.0 8.8 10.0 8.826
13.1 10.0 3.5 10.0 8.837
5.3 10.0 10.5 10.0 8.848
4.4 10.0 19.3 10.0 8.859
10.5 10.0 9.6 10.0 8.870
13.1 10.0 0.9 10.0 8.881
15.8 10.0 9.6 10.0 8.892
8.8 10.0 16.7 10.0 8.903
6.1 10.0 11.4 10.0 8.914
11.4 10.0 7.0 10.0 8.925
13.1 10.0 11.4 10.0 8.936
7.0 10.0 10.5 10.0 8.947
4.4 10.0 12.3 10.0 8.958
12.3 10.0 7.9 10.0 8.969
14.9 10.0 8.8 10.0 8.980
14.0 10.0 4.4 10.0 8.991
6.1 50.0 6.1 50.0 9.002
4.4 50.0 20.2 50.0 9.013
38.6 50.0 55.2 50.0 9.024
51.7 50.0 56.1 50.0 9.035
46.5 50.0 45.6 50.0 9.046
44.7 50.0 35.1 50.0 9.057
45.6 50.0 41.2 50.0 9.068
45.6 50.0 47.3 50.0 9.080
45.6 50.0 48.2 50.0 9.091
47.3 50.0 43.8 50.0 9.102
46.5 50.0 38.6 50.0 9.113
48.2 50.0 46.5 50.0 9.124
46.5 50.0 50.8 50.0 9.135
46.5 50.0 50.8 50.0 9.146
53.5 50.0 41.2 50.0 9.157
55.2 50.0 43.8 50.0 9.168
50.0 50.0 47.3 50.0 9.179
47.3 50.0 49.1 50.0 9.190
47.3 50.0 50.0 50.0 9.201
45.6 50.0 50.0 50.0 9.212
52.6 50.0 49.1 50.0 9.223
57.0 50.0 50.0 50.0 9.234
51.7 50.0 49.1 50.0 9.245
47.3 50.0 49.1 50.0 9.256
49.1 50.0 49.1 50.0 9.267
46.5 50.0 48.2 50.0 9.278
45.6 50.0 53.5 50.0 9.289
53.5 50.0 51.7 50.0 9.300
55.2 50.0 43.0 50.0 9.311
50.0 50.0 41.2 50.0 9.322
46.5 50.0 47.3 50.0 9.333
46.5 50.0 50.8 50.0 9.344
53.5 50.0 50.0 50.0 9.355
56.1 50.0 50.0 50.0 9.366
49.1 50.0 50.8 50.0 9.377
46.5 50.0 50.0 50.0 9.388
46.5 50.0 50.0 50.0 9.399
55.2 50.0 49.1 50.0 9.410
57.0 50.0 48.2 50.0 9.421
50.8 50.0 50.8 50.0 9.432
44.7 50.0 50.8 50.0 9.443
46.5 50.0 50.0 50.0 9.454
55.2 50.0 48.2 50.0 9.465
57.0 50.0 50.0 50.0 9.476
49.1 50.0 50.0 50.0 9.487
46.5 50.0 50.0 50.0 9.498
46.5 50.0 47.3 50.0 9.509
47.3 50.0 50.0 50.0 9.520
46.5 50.0 49.1 50.0 9.531
47.3 50.0 48.2 50.0 9.542
55.2 50.0 47.3 50.0 9.553
57.0 50.0 49.1 50.0 9.564
50.8 50.0 50.8 50.0 9.575
47.3 50.0 50.8 50.0 9.586
47.3 50.0 50.8 50.0 9.597
48.2 50.0 51.7 50.0 9.608
47.3 50.0 50.0 50.0 9.619
46.5 50.0 52.6 50.0 9.630
46.5 50.0 48.2 50.0 9.641
51.7 50.0 49.1 50.0 9.652
57.0 50.0 51.7 50.0 9.663
51.7 50.0 52.6 50.0 9.674
48.2 50.0 48.2 50.0 9.685
48.2 50.0 50.8 50.0 9.696
47.3 50.0 51.7 50.0 9.707
47.3 50.0 53.5 50.0 9.718
54.3 50.0 50.0 50.0 9.729
57.0 50.0 52.6 50.0 9.740
52.6 50.0 50.8 50.0 9.751
48.2 50.0 50.0 50.0 9.762
47.3 50.0 51.7 50.0 9.773
47.3 50.0 50.0 50.0 9.784
48.2 50.0 50.0 50.0 9.795
47.3 50.0 52.6 50.0 9.806
47.3 50.0 51.7 50.0 9.817
54.3 50.0 47.3 50.0 9.828
57.9 50.0 50.8 50.0 9.839
49.1 50.0 49.1 50.0 9.850
46.5 50.0 51.7 50.0 9.861
46.5 50.0 48.2 50.0 9.872
55.2 50.0 49.1 50.0 9.883
57.0 50.0 49.1 50.0 9.894
50.0 50.0 49.1 50.0 9.905
50.0 50.0 51.7 50.0 9.916
44.7 50.0 50.8 50.0 9.927
44.7 50.0 50.0 50.0 9.938
52.6 50.0 51.7 50.0 9.949
55.2 50.0 51.7 50.0 9.960
50.8 50.0 48.2 50.0 9.971
49.1 50.0 52.6 50.0 9.982
46.5 50.0 51.7 50.0 9.993
47.3 -10.0 42.1 -10.0 10.004
47.3 -10.0 46.5 -10.0 10.015
3.5 -10.0 -0.9 -10.0 10.026
-11.4 -10.0 -20.2 -10.0 10.037
-0.9 -10.0 -2.6 -10.0 10.048
-0.0 -10.0 2.6 -10.0 10.059
-0.0 -10.0 -0.9 -10.0 10.070
-0.0 -10.0 -3.5 -10.0 10.081
-0.0 -10.0 -5.3 -10.0 10.092
-1.8 -10.0 -5.3 -10.0 10.103
-2.6 -10.0 -0.0 -10.0 10.114
-2.6 -10.0 2.6 -10.0 10.125
-2.6 -10.0 -1.8 -10.0 10.136
-3.5 -10.0 -3.5 -10.0 10.147
-3.5 -10.0 -7.0 -10.0 10.158
-3.5 -10.0 -6.1 -10.0 10.169
-4.4 -10.0 -7.0 -10.0 10.180
-5.3 -10.0 -7.0 -10.0 10.191
-5.3 -10.0 -4.4 -10.0 10.202
-5.3 -10.0 -7.0 -10.0 10.214
-6.1 -10.0 -4.4 -10.0 10.225
-6.1 -10.0 -6.1 -10.0 10.236
-6.1 -10.0 -6.1 -10.0 10.247
-7.0 -10.0 -6.1 -10.0 10.258
-7.0 -10.0 -4.4 -10.0 10.269
-5.3 -10.0 -5.3 -10.0 10.280
-6.1 -10.0 -7.0 -10.0 10.291
-13.1 -10.0 -7.9 -10.0 10.302
-14.0 -10.0 -7.0 -10.0 10.313
-7.9 -10.0 -5.3 -10.0 10.324
-4.4 -10.0 -6.1 -10.0 10.335
-4.4 -10.0 -4.4 -10.0 10.346
-12.3 -10.0 -2.6 -10.0 10.357
-14.9 -10.0 -14.0 -10.0 10.368
-7.9 -10.0 -16.7 -10.0 10.379
-5.3 -10.0 -10.5 -10.0 10.390
-13.1 -10.0 -11.4 -10.0 10.401
-17.5 -10.0 -5.3 -10.0 10.412
-9.6 -10.0 -3.5 -10.0 10.423
-7.0 -10.0 -13.1 -10.0 10.434
-6.1 -10.0 -15.8 -10.0 10.445
-12.3 -10.0 -8.8 -10.0 10.456
-15.8 -10.0 -6.1 -10.0 10.467
-8.8 -10.0 -6.1 -10.0 10.478
-6.1 -10.0 -8.8 -10.0 10.489
-5.3 -10.0 -14.9 -10.0 10.500
-11.4 -10.0 -7.0 -10.0 10.511
-14.0 -10.0 -9.6 -10.0 10.522
-5.3 -10.0 -6.1 -10.0 10.533
-4.4 -10.0 -5.3 -10.0 10.544
-9.6 -10.0 -14.0 -10.0 10.555
-14.0 -10.0 -14.0 -10.0 10.566
-13.1 -10.0 -8.8 -10.0 10.577
-4.4 -10.0 -6.1 -10.0 10.588
-4.4 -10.0 -7.9 -10.0 10.599
-11.4 -10.0 -13.1 -10.0 10.610
-14.0 -10.0 -7.0 -10.0 10.621
-14.9 -10.0 -7.9 -10.0 10.632
-9.6 -10.0 -16.7 -10.0 10.643
-6.1 -10.0 -9.6 -10.0 10.654
-12.3 -10.0 -6.1 -10.0 10.665
-14.9 -10.0 -9.6 -10.0 10.676
-7.9 -10.0 -14.9 -10.0 10.687
-6.1 -10.0 -9.6 -10.0 10.698
-12.3 -10.0 -8.8 -10.0 10.709
-14.0 -10.0 -7.9 -10.0 10.720
-8.8 -10.0 -6.1 -10.0 10.731
-7.0 -10.0 -6.1 -10.0 10.742
-14.0 -10.0 -13.1 -10.0 10.753
-16.7 -10.0 -20.2 -10.0 10.764
-9.6 -10.0 -7.0 -10.0 10.775
-7.9 -10.0 -0.9 -10.0 10.786
-6.1 -10.0 -14.0 -10.0 10.797
-13.1 -10.0 -16.7 -10.0 10.808
-14.9 -10.0 -7.9 -10.0 10.819
-9.6 -10.0 -5.3 -10.0 10.830
-6.1 -10.0 -9.6 -10.0 10.841
-5.3 -10.0 -14.0 -10.0 10.852
-12.3 -10.0 -12.3 -10.0 10.863
-14.9 -10.0 -8.8 -10.0 10.874
-7.0 -10.0 -7.0 -10.0 10.885
-6.1 -10.0 -6.1 -10.0 10.896
-10.5 -10.0 -12.3 -10.0 10.907
-14.9 -10.0 -14.9 -10.0 10.918
-7.0 -10.0 -7.9 -10.0 10.929
-5.3 -10.0 -7.0 -10.0 10.940
-12.3 -10.0 -6.1 -10.0 10.951
-14.9 -10.0 -13.1 -10.0 10.962
-8.8 -10.0 -14.9 -10.0 10.973
-7.0 -10.0 -7.9 -10.0 10.984
-7.9 -10.0 -6.1 -10.0 10.995
-13.1 -50.0 -9.6 -50.0 11.006
-14.9 -50.0 -14.9 -50.0 11.017
-34.2 -50.0 -45.6 -50.0 11.028
-43.8 -50.0 -55.2 -50.0 11.039
-45.6 -50.0 -45.6 -50.0 11.050
-48.2 -50.0 -33.3 -50.0 11.061
-38.6 -50.0 -35.9 -50.0 11.072
-37.7 -50.0 -44.7 -50.0 11.083
-44.7 -50.0 -46.5 -50.0 11.094
-46.5 -50.0 -41.2 -50.0 11.105
-44.7 -50.0 -37.7 -50.0 11.116
-48.2 -50.0 -48.2 -50.0 11.127
-49.1 -50.0 -47.3 -50.0 11.138
-48.2 -50.0 -41.2 -50.0 11.149
-47.3 -50.0 -40.3 -50.0 11.160
-47.3 -50.0 -45.6 -50.0 11.171
-47.3 -50.0 -45.6 -50.0 11.182
-46.5 -50.0 -50.0 -50.0 11.193
-47.3 -50.0 -50.0 -50.0 11.204
-48.2 -50.0 -49.1 -50.0 11.215
-47.3 -50.0 -48.2 -50.0 11.226
-48.2 -50.0 -48.2 -50.0 11.237
-47.3 -50.0 -48.2 -50.0 11.248
-48.2 -50.0 -48.2 -50.0 11.259
-47.3 -50.0 -49.1 -50.0 11.270
-49.1 -50.0 -49.1 -50.0 11.281
-48.2 -50.0 -49.1 -50.0 11.292
-45.6 -50.0 -48.2 -50.0 11.303
-46.5 -50.0 -48.2 -50.0 11.314
-55.2 -50.0 -48.2 -50.0 11.325
-57.0 -50.0 -50.0 -50.0 11.336
-49.1 -50.0 -47.3 -50.0 11.347
-49.1 -50.0 -49.1 -50.0 11.358
-48.2 -50.0 -49.1 -50.0 11.369
-50.8 -50.0 -47.3 -50.0 11.380
-47.3 -50.0 -48.2 -50.0 11.391
-48.2 -50.0 -47.3 -50.0 11.402
-45.6 -50.0 -48.2 -50.0 11.413
-47.3 -50.0 -49.1 -50.0 11.424
-56.1 -50.0 -48.2 -50.0 11.435
-57.0 -50.0 -49.1 -50.0 11.446
-49.1 -50.0 -49.1 -50.0 11.457
-48.2 -50.0 -47.3 -50.0 11.468
-48.2 -50.0 -48.2 -50.0 11.479
-45.6 -50.0 -49.1 -50.0 11.490
-49.1 -50.0 -49.1 -50.0 11.501
-55.2 -50.0 -50.0 -50.0 11.512
-44.7 -50.0 -47.3 -50.0 11.523
-48.2 -50.0 -48.2 -50.0 11.534
-57.0 -50.0 -48.2 -50.0 11.545
-50.0 -50.0 -48.2 -50.0 11.556
-48.2 -50.0 -49.1 -50.0 11.567
-50.0 -50.0 -49.1 -50.0 11.578
-47.3 -50.0 -48.2 -50.0 11.589
-47.3 -50.0 -48.2 -50.0 11.600
-46.5 -50.0 -48.2 -50.0 11.611
-48.2 -50.0 -47.3 -50.0 11.622
-54.3 -50.0 -48.2 -50.0 11.633
-58.7 -50.0 -49.1 -50.0 11.644
-49.1 -50.0 -49.1 -50.0 11.655
-45.6 -50.0 -47.3 -50.0 11.666
-45.6 -50.0 -47.3 -50.0 11.677
-55.2 -50.0 -49.1 -50.0 11.688
-56.1 -50.0 -48.2 -50.0 11.699
-48.2 -50.0 -49.1 -50.0 11.710
-49.1 -50.0 -49.1 -50.0 11.721
-47.3 -50.0 -50.0 -50.0 11.732
-45.6 -50.0 -48.2 -50.0 11.743
-46.5 -50.0 -47.3 -50.0 11.754
-55.2 -50.0 -49.1 -50.0 11.765
-55.2 -50.0 -50.0 -50.0 11.776
-51.7 -50.0 -50.8 -50.0 11.787
-48.2 -50.0 -51.7 -50.0 11.798
-44.7 -50.0 -47.3 -50.0 11.809
-46.5 -50.0 -48.2 -50.0 11.820
-54.3 -50.0 -48.2 -50.0 11.831
-55.2 -50.0 -48.2 -50.0 11.842
-48.2 -50.0 -50.0 -50.0 11.853
-47.3 -50.0 -49.1 -50.0 11.864
-47.3 -50.0 -50.0 -50.0 11.875
-44.7 -50.0 -47.3 -50.0 11.886
-46.5 -50.0 -46.5 -50.0 11.897
-52.6 -50.0 -56.1 -50.0 11.908
-55.2 -50.0 -57.0 -50.0 11.919
-50.0 -50.0 -51.7 -50.0 11.930
-49.1 -50.0 -50.0 -50.0 11.941
-45.6 -50.0 -49.1 -50.0 11.952
-46.5 -50.0 -48.2 -50.0 11.963
-56.1 -50.0 -48.2 -50.0 11.974
-56.1 -50.0 -47.3 -50.0 11.985
-44.7 -50.0 -50.0 -50.0 11.996
-47.3 0.0 -56.1 0.0 12.007
-52.6 0.0 -50.8 0.0 12.018
-19.3 0.0 0.9 0.0 12.029
-0.9 0.0 18.4 0.0 12.040
-1.8 0.0 -7.9 0.0 12.051
-11.4 0.0 -21.0 0.0 12.062
-13.1 0.0 -18.4 0.0 12.073
-7.0 0.0 -10.5 0.0 12.084
-6.1 0.0 -7.0 0.0 12.095
-7.0 0.0 -5.3 0.0 12.106
-6.1 0.0 -6.1 0.0 12.117
-7.0 0.0 -6.1 0.0 12.128
-5.3 0.0 -6.1 0.0 12.139
-6.1 0.0 -5.3 0.0 12.150
-6.1 0.0 -7.0 0.0 12.161
-5.3 0.0 -7.9 0.0 12.172
-5.3 0.0 -6.1 0.0 12.183
-4.4 0.0 -6.1 0.0 12.194
-0.0 0.0 -7.0 0.0 12.205
-0.0 0.0 -5.3 0.0 12.216
-2.6 0.0 -4.4 0.0 12.227
-4.4 0.0 -7.0 0.0 12.238
-0.0 0.0 -7.9 0.0 12.249
-0.0 0.0 -0.9 0.0 12.260
-2.6 0.0 -0.0 0.0 12.271
-3.5 0.0 -4.4 0.0 12.282
-0.0 0.0 -8.8 0.0 12.293
-0.0 0.0 -7.9 0.0 12.304
-0.0 0.0 -0.0 0.0 12.315
-0.0 0.0 -0.0 0.0 12.326
-0.0 0.0 -7.0 0.0 12.337
-0.0 0.0 -8.8 0.0 12.348
-0.0 0.0 -0.0 0.0 12.359
-0.0 0.0 0.9 0.0 12.370
-0.0 0.0 -7.0 0.0 12.381
-0.0 0.0 -7.9 0.0 12.392
-0.0 0.0 0.9 0.0 12.403
-0.0 0.0 -2.6 0.0 12.414
-0.0 0.0 1.8 0.0 12.425
-0.0 0.0 -0.0 0.0 12.436
-0.0 0.0 -1.8 0.0 12.447
-0.0 0.0 -1.8 0.0 12.458
-0.0 0.0 1.8 0.0 12.469
-0.0 0.0 0.9 0.0 12.480
-0.0 0.0 -9.6 0.0 12.491
-0.0 0.0 -0.0 0.0 12.502
-0.0 0.0 -0.0 0.0 12.513
-0.0 0.0 -1.8 0.0 12.524
-0.0 0.0 1.8 0.0 12.535
-0.0 0.0 0.9 0.0 12.546
-0.0 0.0 -0.9 0.0 12.557
-0.0 0.0 1.8 0.0 12.568
-0.0 0.0 1.8 0.0 12.579
-0.0 0.0 -2.6 0.0 12.590
-0.0 0.0 -0.9 0.0 12.601
-0.0 0.0 -0.9 0.0 12.612
-0.0 0.0 -1.8 0.0 12.623
-0.0 0.0 -1.8 0.0 12.634
-0.0 0.0 0.9 0.0 12.645
-0.0 0.0 2.6 0.0 12.656
-0.0 0.0 -0.9 0.0 12.667
-0.0 0.0 -2.6 0.0 12.678
-0.0 0.0 -0.9 0.0 12.689
-0.0 0.0 1.8 0.0 12.700
-0.0 0.0 -0.9 0.0 12.711
-0.0 0.0 0.9 0.0 12.722
-0.0 0.0 -0.0 0.0 12.733
-0.0 0.0 0.9 0.0 12.744
-0.0 0.0 -0.9 0.0 12.755
-0.0 0.0 -0.0 0.0 12.766
-0.0 0.0 -0.0 0.0 12.777
-0.0 0.0 0.9 0.0 12.788
-0.0 0.0 -0.0 0.0 12.799
-0.0 0.0 -0.0 0.0 12.810
-0.0 0.0 -0.0 0.0 12.821
-0.0 0.0 -0.0 0.0 12.832
-0.0 0.0 -0.0 0.0 12.843
-0.0 0.0 0.9 0.0 12.854
-0.0 0.0 1.8 0.0 12.865
-0.0 0.0 0.9 0.0 12.876
-0.0 0.0 -0.9 0.0 12.887
-0.0 0.0 0.9 0.0 12.898
-0.0 0.0 -0.9 0.0 12.909
-0.0 0.0 -0.9 0.0 12.920
-0.0 0.0 -0.9 0.0 12.931
-0.0 0.0 -0.0 0.0 12.942
-0.0 0.0 0.9 0.0 12.953
-0.0 0.0 -0.9 0.0 12.964
-0.0 0.0 -0.0 0.0 12.975
-0.0 0.0 -0.0 0.0 12.986
-0.0 0.0 -0.0 0.0 12.997
-0.0 0.0 0.9 0.0 13.008
-0.0 0.0 -1.8 0.0 13.019
-0.0 0.0 -0.0 0.0 13.030
-0.0 0.0 0.9 0.0 13.041
-0.0 0.0 -0.9 0.0 13.052
-0.0 0.0 -0.0 0.0 13.062
-0.0 0.0 -0.0 0.0 13.073
-0.0 0.0 -0.9 0.0 13.084
-0.0 0.0 -0.0 0.0 13.095
-0.0 0.0 -0.0 0.0 13.106
-0.0 0.0 -0.0 0.0 13.117
-0.0 0.0 -1.8 0.0 13.128
-0.0 0.0 -0.9 0.0 13.139
-0.0 0.0 -1.8 0.0 13.150
-0.0 0.0 1.8 0.0 13.161
-0.0 0.0 -0.9 0.0 13.172
-0.0 0.0 0.9 0.0 13.183
-0.0 0.0 -0.9 0.0 13.194
-0.0 0.0 -1.8 0.0 13.205
-0.0 0.0 -1.8 0.0 13.216
-0.0 0.0 -0.0 0.0 13.227
-0.0 0.0 -0.0 0.0 13.238
-0.0 0.0 -0.9 0.0 13.249
-0.0 0.0 1.8 0.0 13.260
-0.0 0.0 -0.9 0.0 13.271
-0.0 0.0 -0.9 0.0 13.282
-0.0 0.0 0.9 0.0 13.293
-0.0 0.0 2.6 0.0 13.304
-0.0 0.0 0.9 0.0 13.315
-0.0 0.0 0.9 0.0 13.326
-0.0 0.0 0.9 0.0 13.337
-0.0 0.0 0.9 0.0 13.348
-0.0 0.0 -0.9 0.0 13.359
-0.0 0.0 -1.8 0.0 13.370
-0.0 0.0 0.9 0.0 13.381
-0.0 0.0 -2.6 0.0 13.392
-0.0 0.0 -0.0 0.0 13.403
-0.0 0.0 -0.9 0.0 13.414
-0.0 0.0 0.9 0.0 13.425
-0.0 0.0 -1.8 0.0 13.436
-0.0 0.0 -1.8 0.0 13.447
-0.0 0.0 -1.8 0.0 13.458
-0.0 0.0 -0.9 0.0 13.469
-0.0 0.0 1.8 0.0 13.480
-0.0 0.0 -0.0 0.0 13.491
-0.0 0.0 -0.9 0.0 13.502
-0.0 0.0 2.6 0.0 13.513
-0.0 0.0 -1.8 0.0 13.524
-0.0 0.0 -0.9 0.0 13.535
-0.0 0.0 1.8 0.0 13.546
-0.0 0.0 -1.8 0.0 13.557
-0.0 0.0 -1.8 0.0 13.568
-0.0 0.0 -0.9 0.0 13.579
-0.0 0.0 0.9 0.0 13.590
-0.0 0.0 -0.0 0.0 13.601
-0.0 0.0 -0.0 0.0 13.612
-0.0 0.0 -1.8 0.0 13.623
-0.0 0.0 -1.8 0.0 13.634
-0.0 0.0 -0.0 0.0 13.645
-0.0 0.0 0.9 0.0 13.656
-0.0 0.0 0.9 0.0 13.667
-0.0 0.0 -0.9 0.0 13.678
-0.0 0.0 1.8 0.0 13.689
-0.0 0.0 -0.0 0.0 13.700
-0.0 0.0 -0.9 0.0 13.711
-0.0 0.0 -0.9 0.0 13.722
-0.0 0.0 1.8 0.0 13.733
-0.0 0.0 -1.8 0.0 13.744
-0.0 0.0 -1.8 0.0 13.755
-0.0 0.0 -0.0 0.0 13.766
-0.0 0.0 1.8 0.0 13.777
-0.0 0.0 -1.8 0.0 13.788
-0.0 0.0 -1.8 0.0 13.799
-0.0 0.0 1.8 0.0 13.810
-0.0 0.0 -0.0 0.0 13.821
-0.0 0.0 -1.8 0.0 13.832
-0.0 0.0 -0.9 0.0 13.843
-0.0 0.0 -1.8 0.0 13.854
-0.0 0.0 -1.8 0.0 13.865
-0.0 0.0 0.9 0.0 13.876
-0.0 0.0 -0.0 0.0 13.887
-0.0 0.0 -0.0 0.0 13.898
-0.0 0.0 0.9 0.0 13.909
-0.0 0.0 -0.0 0.0 13.920
-0.0 0.0 0.9 0.0 13.931
-0.0 0.0 -1.8 0.0 13.942
-0.0 0.0 -0.9 0.0 13.953
-0.0 0.0 -0.9 0.0 13.964
-0.0 0.0 0.9 0.0 13.975
-0.0 0.0 -0.0 0.0 13.986
-0.0 0.0 0.9 0.0 13.997
-0.0 10.0 -0.0 10.0 14.008
-0.0 10.0 1.8 10.0 14.019
2.6 10.0 7.0 10.0 14.030
4.4 10.0 5.3 10.0 14.041
4.4 10.0 8.8 10.0 14.052
5.3 10.0 8.8 10.0 14.063
5.3 10.0 9.6 10.0 14.074
4.4 10.0 7.9 10.0 14.085
4.4 10.0 11.4 10.0 14.096
5.3 10.0 12.3 10.0 14.107
6.1 10.0 10.5 10.0 14.118
5.3 10.0 9.6 10.0 14.129
6.1 10.0 8.8 10.0 14.140
5.3 10.0 7.0 10.0 14.151
5.3 10.0 7.0 10.0 14.162
5.3 10.0 9.6 10.0 14.173
5.3 10.0 11.4 10.0 14.184
4.4 10.0 10.5 10.0 14.195
11.4 10.0 10.5 10.0 14.206
14.0 10.0 9.6 10.0 14.217
6.1 10.0 12.3 10.0 14.228
5.3 10.0 12.3 10.0 14.239
10.5 10.0 10.5 10.0 14.250
13.1 10.0 10.5 10.0 14.261
7.0 10.0 10.5 10.0 14.272
3.5 10.0 8.8 10.0 14.283
10.5 10.0 13.1 10.0 14.294
12.3 10.0 7.9 10.0 14.305
13.1 10.0 2.6 10.0 14.316
7.9 10.0 4.4 10.0 14.327
4.4 10.0 7.9 10.0 14.338
10.5 10.0 7.9 10.0 14.349
11.4 10.0 11.4 10.0 14.360
13.1 10.0 4.4 10.0 14.371
4.4 10.0 7.0 10.0 14.382
5.3 10.0 10.5 10.0 14.393
10.5 10.0 9.6 10.0 14.404
12.3 10.0 8.8 10.0 14.415
14.9 10.0 7.0 10.0 14.427
14.9 10.0 9.6 10.0 14.438
7.0 10.0 9.6 10.0 14.449
2.6 10.0 11.4 10.0 14.460
9.6 10.0 12.3 10.0 14.471
13.1 10.0 9.6 10.0 14.482
14.9 10.0 7.0 10.0 14.493
7.0 10.0 5.3 10.0 14.504
6.1 10.0 8.8 10.0 14.515
13.1 10.0 7.0 10.0 14.526
14.9 10.0 8.8 10.0 14.537
8.8 10.0 13.1 10.0 14.548
7.0 10.0 9.6 10.0 14.559
12.3 10.0 10.5 10.0 14.570
13.1 10.0 11.4 10.0 14.581
7.9 10.0 12.3 10.0 14.592
4.4 10.0 4.4 10.0 14.603
12.3 10.0 9.6 10.0 14.614
14.0 10.0 18.4 10.0 14.625
8.8 10.0 9.6 10.0 14.636
5.3 10.0 -0.0 10.0 14.647
13.1 10.0 7.9 10.0 14.658
14.0 10.0 17.5 10.0 14.669
7.9 10.0 8.8 10.0 14.680
7.0 10.0 -0.9 10.0 14.691
13.1 10.0 8.8 10.0 14.702
14.9 10.0 13.1 10.0 14.713
7.0 10.0 10.5 10.0 14.724
7.0 10.0 11.4 10.0 14.735
13.1 10.0 9.6 10.0 14.746
14.9 10.0 5.3 10.0 14.757
8.8 10.0 10.5 10.0 14.768
6.1 10.0 19.3 10.0 14.779
5.3 10.0 12.3 10.0 14.790
11.4 10.0 3.5 10.0 14.801
11.4 10.0 4.4 10.0 14.812
6.1 10.0 19.3 10.0 14.823
3.5 10.0 16.7 10.0 14.834
12.3 10.0 1.8 10.0 14.845
11.4 10.0 9.6 10.0 14.856
12.3 10.0 16.7 10.0 14.867
14.0 10.0 14.9 10.0 14.878
8.8 10.0 8.8 10.0 14.889
7.0 10.0 10.5 10.0 14.900
13.1 10.0 11.4 10.0 14.911
14.9 10.0 13.1 10.0 14.922
7.0 10.0 8.8 10.0 14.933
3.5 10.0 7.9 10.0 14.944
10.5 10.0 7.0 10.0 14.955
13.1 10.0 7.9 10.0 14.966
14.0 10.0 12.3 10.0 14.977
7.0 10.0 10.5 10.0 14.988
3.5 10.0 11.4 10.0 15.000
12.3 50.0 8.8 50.0 15.011
14.0 50.0 7.9 50.0 15.022
43.0 50.0 47.3 50.0 15.033
51.7 50.0 63.1 50.0 15.044
49.1 50.0 45.6 50.0 15.055
45.6 50.0 29.8 50.0 15.066
46.5 50.0 36.8 50.0 15.077
43.8 50.0 55.2 50.0 15.088
46.5 50.0 51.7 50.0 15.099
47.3 50.0 41.2 50.0 15.110
47.3 50.0 39.4 50.0 15.121
47.3 50.0 47.3 50.0 15.132
46.5 50.0 49.1 50.0 15.143
47.3 50.0 51.7 50.0 15.154
45.6 50.0 50.8 50.0 15.165
46.5 50.0 42.1 50.0 15.176
47.3 50.0 40.3 50.0 15.187
47.3 50.0 46.5 50.0 15.198
48.2 50.0 48.2 50.0 15.209
52.6 50.0 50.8 50.0 15.220
56.1 50.0 50.0 50.0 15.231
48.2 50.0 50.0 50.0 15.242
48.2 50.0 51.7 50.0 15.253
45.6 50.0 47.3 50.0 15.264
47.3 50.0 46.5 50.0 15.275
54.3 50.0 49.1 50.0 15.286
56.1 50.0 48.2 50.0 15.298
49.1 50.0 50.0 50.0 15.308
46.5 50.0 50.8 50.0 15.320
47.3 50.0 51.7 50.0 15.331
52.6 50.0 50.0 50.0 15.342
57.0 50.0 52.6 50.0 15.353
50.0 50.0 53.5 50.0 15.364
47.3 50.0 42.1 50.0 15.375
48.2 50.0 38.6 50.0 15.386
48.2 50.0 47.3 50.0 15.397
47.3 50.0 56.1 50.0 15.408
47.3 50.0 51.7 50.0 15.419
55.2 50.0 41.2 50.0 15.430
54.3 50.0 50.8 50.0 15.441
49.1 50.0 57.0 50.0 15.452
46.5 50.0 52.6 50.0 15.463
48.2 50.0 41.2 50.0 15.474
53.5 50.0 46.5 50.0 15.485
49.1 50.0 55.2 50.0 15.496
49.1 50.0 51.7 50.0 15.507
48.2 50.0 41.2 50.0 15.518
49.1 50.0 49.1 50.0 15.529
46.5 50.0 57.9 50.0 15.540
47.3 50.0 50.0 50.0 15.551
53.5 50.0 43.8 50.0 15.562
57.9 50.0 47.3 50.0 15.573
50.0 50.0 51.7 50.0 15.584
47.3 50.0 53.5 50.0 15.595
47.3 50.0 50.0 50.0 15.606
47.3 50.0 50.0 50.0 15.617
55.2 50.0 50.0 50.0 15.628
57.0 50.0 46.5 50.0 15.639
49.1 50.0 50.8 50.0 15.650
49.1 50.0 51.7 50.0 15.661
47.3 50.0 55.2 50.0 15.672
46.5 50.0 48.2 50.0 15.683
47.3 50.0 43.0 50.0 15.694
52.6 50.0 49.1 50.0 15.705
57.9 50.0 50.0 50.0 15.716
49.1 50.0 46.5 50.0 15.727
47.3 50.0 49.1 50.0 15.738
45.6 50.0 49.1 50.0 15.749
47.3 50.0 50.8 50.0 15.760
53.5 50.0 50.0 50.0 15.771
57.9 50.0 48.2 50.0 15.782
50.8 50.0 54.3 50.0 15.793
48.2 50.0 49.1 50.0 15.804
47.3 50.0 47.3 50.0 15.815
46.5 50.0 48.2 50.0 15.826
47.3 50.0 49.1 50.0 15.837
53.5 50.0 49.1 50.0 15.848
57.9 50.0 48.2 50.0 15.859
50.0 50.0 51.7 50.0 15.870
46.5 50.0 50.8 50.0 15.882
46.5 50.0 50.0 50.0 15.893
47.3 50.0 50.0 50.0 15.904
54.3 50.0 49.1 50.0 15.915
57.9 50.0 50.8 50.0 15.926
50.0 50.0 50.8 50.0 15.937
44.7 50.0 52.6 50.0 15.948
45.6 50.0 54.3 50.0 15.959
52.6 50.0 50.8 50.0 15.970
57.0 50.0 49.1 50.0 15.981
52.6 50.0 48.2 50.0 15.992
47.3 -10.0 47.3 -10.0 16.003
47.3 -10.0 50.0 -10.0 16.014
5.3 -10.0 -7.0 -10.0 16.025
-10.5 -10.0 -21.9 -10.0 16.036
-0.0 -10.0 -4.4 -10.0 16.047
-0.0 -10.0 3.5 -10.0 16.058
-0.0 -10.0 -0.9 -10.0 16.069
-0.0 -10.0 -7.0 -10.0 16.080
-4.4 -10.0 1.8 -10.0 16.091
-7.0 -10.0 1.8 -10.0 16.102
-6.1 -10.0 -2.6 -10.0 16.113
-6.1 -10.0 -2.6 -10.0 16.124
-6.1 -10.0 -3.5 -10.0 16.135
-7.0 -10.0 -5.3 -10.0 16.146
-5.3 -10.0 -5.3 -10.0 16.157
-5.3 -10.0 -4.4 -10.0 16.168
-6.1 -10.0 -6.1 -10.0 16.179
-5.3 -10.0 -6.1 -10.0 16.190
-5.3 -10.0 -6.1 -10.0 16.201
-4.4 -10.0 -7.0 -10.0 16.212
-4.4 -10.0 -9.6 -10.0 16.223
-4.4 -10.0 -6.1 -10.0 16.234
-4.4 -10.0 -0.0 -10.0 16.245
-3.5 -10.0 -3.5 -10.0 16.256
-3.5 -10.0 -4.4 -10.0 16.267
-5.3 -10.0 -6.1 -10.0 16.278
-11.4 -10.0 -8.8 -10.0 16.289
-14.9 -10.0 -7.0 -10.0 16.300
-7.0 -10.0 -7.9 -10.0 16.311
-5.3 -10.0 -4.4 -10.0 16.322
-7.9 -10.0 -8.8 -10.0 16.333
-14.9 -10.0 -8.8 -10.0 16.344
-16.7 -10.0 -2.6 -10.0 16.355
-8.8 -10.0 -8.8 -10.0 16.366
-5.3 -10.0 -12.3 -10.0 16.377
-4.4 -10.0 -7.0 -10.0 16.388
-13.1 -10.0 -7.9 -10.0 16.399
-14.9 -10.0 -10.5 -10.0 16.410
-7.9 -10.0 -7.0 -10.0 16.421
-5.3 -10.0 -4.4 -10.0 16.432
-4.4 -10.0 -4.4 -10.0 16.443
-12.3 -10.0 -7.0 -10.0 16.454
-12.3 -10.0 -14.9 -10.0 16.465
-6.1 -10.0 -10.5 -10.0 16.476
-2.6 -10.0 -7.9 -10.0 16.487
-11.4 -10.0 -8.8 -10.0 16.498
-13.1 -10.0 -9.6 -10.0 16.509
-13.1 -10.0 -6.1 -10.0 16.520
-4.4 -10.0 -5.3 -10.0 16.531
-4.4 -10.0 -7.0 -10.0 16.542
-11.4 -10.0 -13.1 -10.0 16.553
-14.0 -10.0 -7.9 -10.0 16.564
-14.9 -10.0 -8.8 -10.0 16.575
-8.8 -10.0 -5.3 -10.0 16.586
-6.1 -10.0 -4.4 -10.0 16.597
-13.1 -10.0 -13.1 -10.0 16.608
-14.0 -10.0 -16.7 -10.0 16.619
-7.9 -10.0 -7.0 -10.0 16.630
-5.3 -10.0 -7.9 -10.0 16.641
-12.3 -10.0 -12.3 -10.0 16.652
-14.0 -10.0 -6.1 -10.0 16.663
-7.0 -10.0 -5.3 -10.0 16.674
-6.1 -10.0 -16.7 -10.0 16.685
-13.1 -10.0 -17.5 -10.0 16.696
-16.7 -10.0 -11.4 -10.0 16.707
-10.5 -10.0 -8.8 -10.0 16.718
-7.0 -10.0 -4.4 -10.0 16.729
-6.1 -10.0 -10.5 -10.0 16.740
-12.3 -10.0 -16.7 -10.0 16.751
-15.8 -10.0 -8.8 -10.0 16.762
-7.9 -10.0 -10.5 -10.0 16.773
-5.3 -10.0 -9.6 -10.0 16.784
-12.3 -10.0 -9.6 -10.0 16.795
-14.9 -10.0 -11.4 -10.0 16.806
-7.9 -10.0 -7.9 -10.0 16.817
-5.3 -10.0 -5.3 -10.0 16.828
-12.3 -10.0 -3.5 -10.0 16.839
-14.9 -10.0 -13.1 -10.0 16.850
-8.8 -10.0 -14.0 -10.0 16.861
-5.3 -10.0 -7.9 -10.0 16.872
-5.3 -10.0 -5.3 -10.0 16.883
-13.1 -10.0 -9.6 -10.0 16.894
-14.9 -10.0 -12.3 -10.0 16.905
-8.8 -10.0 -6.1 -10.0 16.916
-7.0 -10.0 -6.1 -10.0 16.927
-7.0 -10.0 -13.1 -10.0 16.938
-13.1 -10.0 -17.5 -10.0 16.950
-15.8 -10.0 -9.6 -10.0 16.961
-7.9 -10.0 -5.3 -10.0 16.972
-5.3 -10.0 -7.0 -10.0 16.983
-12.3 -10.0 -12.3 -10.0 16.994
-14.0 -50.0 -14.0 -50.0 17.005
-7.9 -50.0 -12.3 -50.0 17.016
-35.9 -50.0 -43.0 -50.0 17.027
-51.7 -50.0 -54.3 -50.0 17.038
-48.2 -50.0 -43.8 -50.0 17.049
-39.4 -50.0 -32.4 -50.0 17.060
-35.9 -50.0 -35.9 -50.0 17.071
-43.0 -50.0 -43.8 -50.0 17.082
-46.5 -50.0 -47.3 -50.0 17.093
-46.5 -50.0 -48.2 -50.0 17.104
-50.0 -50.0 -41.2 -50.0 17.115
-49.1 -50.0 -39.4 -50.0 17.126
-47.3 -50.0 -46.5 -50.0 17.137
-47.3 -50.0 -48.2 -50.0 17.148
-47.3 -50.0 -46.5 -50.0 17.159
-47.3 -50.0 -41.2 -50.0 17.170
-46.5 -50.0 -46.5 -50.0 17.181
-49.1 -50.0 -49.1 -50.0 17.192
-48.2 -50.0 -50.0 -50.0 17.203
-44.7 -50.0 -48.2 -50.0 17.214
-47.3 -50.0 -40.3 -50.0 17.225
-49.1 -50.0 -45.6 -50.0 17.236
-47.3 -50.0 -49.1 -50.0 17.247
-47.3 -50.0 -47.3 -50.0 17.258
-49.1 -50.0 -50.0 -50.0 17.269
-48.2 -50.0 -50.0 -50.0 17.280
-47.3 -50.0 -49.1 -50.0 17.291
-47.3 -50.0 -48.2 -50.0 17.302
-46.5 -50.0 -46.5 -50.0 17.313
-47.3 -50.0 -48.2 -50.0 17.324
-46.5 -50.0 -49.1 -50.0 17.335
-46.5 -50.0 -48.2 -50.0 17.346
-48.2 -50.0 -48.2 -50.0 17.357
-56.1 -50.0 -49.1 -50.0 17.368
-50.8 -50.0 -48.2 -50.0 17.379
-50.0 -50.0 -46.5 -50.0 17.390
-47.3 -50.0 -50.0 -50.0 17.401
-49.1 -50.0 -49.1 -50.0 17.412
-48.2 -50.0 -48.2 -50.0 17.423
-47.3 -50.0 -49.1 -50.0 17.434
-46.5 -50.0 -49.1 -50.0 17.445
-54.3 -50.0 -49.1 -50.0 17.456
-56.1 -50.0 -46.5 -50.0 17.467
-50.8 -50.0 -48.2 -50.0 17.478
-48.2 -50.0 -49.1 -50.0 17.489
-47.3 -50.0 -50.0 -50.0 17.500
-46.5 -50.0 -50.0 -50.0 17.511
-46.5 -50.0 -47.3 -50.0 17.522
-56.1 -50.0 -47.3 -50.0 17.533
-57.0 -50.0 -50.0 -50.0 17.544
-47.3 -50.0 -47.3 -50.0 17.555
-48.2 -50.0 -49.1 -50.0 17.566
-47.3 -50.0 -48.2 -50.0 17.577
-44.7 -50.0 -49.1 -50.0 17.588
-46.5 -50.0 -48.2 -50.0 17.599
-52.6 -50.0 -46.5 -50.0 17.610
-56.1 -50.0 -49.1 -50.0 17.621
-50.8 -50.0 -50.0 -50.0 17.632
-48.2 -50.0 -50.0 -50.0 17.643
-45.6 -50.0 -48.2 -50.0 17.654
-47.3 -50.0 -46.5 -50.0 17.665
-54.3 -50.0 -48.2 -50.0 17.676
-56.1 -50.0 -48.2 -50.0 17.687
-50.0 -50.0 -48.2 -50.0 17.698
-50.0 -50.0 -48.2 -50.0 17.709
-46.5 -50.0 -48.2 -50.0 17.720
-45.6 -50.0 -48.2 -50.0 17.731
-54.3 -50.0 -48.2 -50.0 17.742
-57.9 -50.0 -48.2 -50.0 17.753
-50.8 -50.0 -49.1 -50.0 17.764
-49.1 -50.0 -50.0 -50.0 17.775
-47.3 -50.0 -49.1 -50.0 17.786
-43.0 -50.0 -49.1 -50.0 17.797
-45.6 -50.0 -47.3 -50.0 17.808
-54.3 -50.0 -49.1 -50.0 17.819
-55.2 -50.0 -55.2 -50.0 17.830
-48.2 -50.0 -51.7 -50.0 17.841
-48.2 -50.0 -50.0 -50.0 17.852
-47.3 -50.0 -49.1 -50.0 17.863
-46.5 -50.0 -47.3 -50.0 17.874
-53.5 -50.0 -49.1 -50.0 17.885
-55.2 -50.0 -56.1 -50.0 17.896
-50.8 -50.0 -50.0 -50.0 17.907
-48.2 -50.0 -50.0 -50.0 17.918
-48.2 -50.0 -48.2 -50.0 17.929
-45.6 -50.0 -48.2 -50.0 17.940
-45.6 -50.0 -48.2 -50.0 17.951
-55.2 -50.0 -48.2 -50.0 17.962
-55.2 -50.0 -47.3 -50.0 17.973
-46.5 -50.0 -56.1 -50.0 17.984
-44.7 -50.0 -57.9 -50.0 17.995
-52.6 0.0 -50.8 0.0 18.006
-56.1 0.0 -49.1 0.0 18.017
-21.0 0.0 -0.9 0.0 18.028
-2.6 0.0 12.3 0.0 18.039
-5.3 0.0 -8.8 0.0 18.050
-12.3 0.0 -21.0 0.0 18.061
-8.8 0.0 -17.5 0.0 18.072
-5.3 0.0 -1.8 0.0 18.083
-5.3 0.0 -4.4 0.0 18.094
-5.3 0.0 -14.9 0.0 18.105
-3.5 0.0 -8.8 0.0 18.116
-4.4 0.0 -9.6 0.0 18.127
-3.5 0.0 -9.6 0.0 18.138
-4.4 0.0 -10.5 0.0 18.149
-3.5 0.0 -8.8 0.0 18.160
-3.5 0.0 0.9 0.0 18.171
-4.4 0.0 -3.5 0.0 18.182
-3.5 0.0 -6.1 0.0 18.193
-3.5 0.0 -4.4 0.0 18.204
-3.5 0.0 -7.9 0.0 18.215
-3.5 0.0 -12.3 0.0 18.226
-4.4 0.0 -2.6 0.0 18.237
-4.4 0.0 0.9 0.0 18.248
-0.0 0.0 -5.3 0.0 18.259
-0.0 0.0 -7.9 0.0 18.270
-1.8 0.0 -0.9 0.0 18.281
-3.5 0.0 -1.8 0.0 18.292
0.9 0.0 -4.4 0.0 18.303
-0.0 0.0 -7.9 0.0 18.314
-2.6 0.0 -0.0 0.0 18.325
-0.0 0.0 1.8 0.0 18.336
-0.0 0.0 -3.5 0.0 18.347
-0.0 0.0 -7.9 0.0 18.358
-0.0 0.0 0.9 0.0 18.369
-0.0 0.0 0.9 0.0 18.380
-0.0 0.0 -2.6 0.0 18.391
-0.0 0.0 -6.1 0.0 18.402
-0.0 0.0 -1.8 0.0 18.413
-0.0 0.0 -0.9 0.0 18.424
-0.0 0.0 -0.9 0.0 18.435
-0.0 0.0 0.9 0.0 18.446
-0.0 0.0 -0.0 0.0 18.457
-0.0 0.0 -0.0 0.0 18.468
-0.0 0.0 0.9 0.0 18.479
-0.0 0.0 -0.0 0.0 18.490
-0.0 0.0 -1.8 0.0 18.501
-0.0 0.0 0.9 0.0 18.512
-0.0 0.0 -0.9 0.0 18.523
-0.0 0.0 0.9 0.0 18.534
-0.0 0.0 -0.9 0.0 18.546
-0.0 0.0 -0.0 0.0 18.557
-0.0 0.0 -0.0 0.0 18.568
-0.0 0.0 -0.0 0.0 18.578
-0.0 0.0 -1.8 0.0 18.590
-0.0 0.0 -0.9 0.0 18.601
-0.0 0.0 0.9 0.0 18.612
-0.0 0.0 -1.8 0.0 18.623
-0.0 0.0 0.9 0.0 18.634
-0.0 0.0 0.9 0.0 18.645
-0.0 0.0 -0.0 0.0 18.656
-0.0 0.0 -0.0 0.0 18.667
-0.0 0.0 -0.0 0.0 18.678
-0.0 0.0 -0.0 0.0 18.689
-0.0 0.0 0.9 0.0 18.700
-0.0 0.0 0.9 0.0 18.711
-0.0 0.0 -0.9 0.0 18.722
-0.0 0.0 0.9 0.0 18.733
-0.0 0.0 -0.0 0.0 18.744
-0.0 0.0 0.9 0.0 18.755
-0.0 0.0 -0.9 0.0 18.766
-0.0 0.0 0.9 0.0 18.777
-0.0 0.0 0.9 0.0 18.788
-0.0 0.0 -0.9 0.0 18.799
-0.0 0.0 0.9 0.0 18.810
-0.0 0.0 -0.0 0.0 18.821
-0.0 0.0 -0.9 0.0 18.832
-0.0 0.0 -1.8 0.0 18.843
-0.0 0.0 -0.9 0.0 18.854
-0.0 0.0 -1.8 0.0 18.865
-0.0 0.0 -0.9 0.0 18.876
-0.0 0.0 -0.9 0.0 18.887
-0.0 0.0 1.8 0.0 18.898
-0.0 0.0 -0.9 0.0 18.909
-0.0 0.0 -0.9 0.0 18.920
-0.0 0.0 -0.9 0.0 18.931
-0.0 0.0 -0.0 0.0 18.942
-0.0 0.0 -0.9 0.0 18.953
-0.0 0.0 1.8 0.0 18.963
-0.0 0.0 -1.8 0.0 18.974
-0.0 0.0 -0.0 0.0 18.985
-0.0 0.0 0.9 0.0 18.996
-0.0 0.0 -0.0 0.0 19.007
-0.0 0.0 -0.9 0.0 19.018
-0.0 0.0 0.9 0.0 19.029
-0.0 0.0 -0.0 0.0 19.040
-0.0 0.0 -1.8 0.0 19.051
-0.0 0.0 -0.9 0.0 19.062
-0.0 0.0 -0.0 0.0 19.073
-0.0 0.0 -0.0 0.0 19.084
-0.0 0.0 -0.9 0.0 19.095
-0.0 0.0 -0.9 0.0 19.106
-0.0 0.0 0.9 0.0 19.117
-0.0 0.0 -0.0 0.0 19.128
-0.0 0.0 -0.0 0.0 19.139
-0.0 0.0 -0.0 0.0 19.150
-0.0 0.0 -0.9 0.0 19.161
-0.0 0.0 -0.0 0.0 19.172
-0.0 0.0 -0.9 0.0 19.183
-0.0 0.0 -0.0 0.0 19.194
-0.0 0.0 -1.8 0.0 19.205
-0.0 0.0 -0.0 0.0 19.216
-0.0 0.0 -0.0 0.0 19.228
-0.0 0.0 0.9 0.0 19.239
-0.0 0.0 -0.0 0.0 19.250
-0.0 0.0 1.8 0.0 19.261
-0.0 0.0 -0.0 0.0 19.272
-0.0 0.0 1.8 0.0 19.283
-0.0 0.0 0.9 0.0 19.294
-0.0 0.0 -0.0 0.0 19.305
-0.0 0.0 -0.9 0.0 19.316
-0.0 0.0 -0.0 0.0 19.327
-0.0 0.0 1.8 0.0 19.338
-0.0 0.0 0.9 0.0 19.349
-0.0 0.0 0.9 0.0 19.360
-0.0 0.0 -1.8 0.0 19.371
-0.0 0.0 -1.8 0.0 19.382
-0.0 0.0 -0.9 0.0 19.393
-0.0 0.0 0.9 0.0 19.404
-0.0 0.0 -0.0 0.0 19.415
-0.0 0.0 -0.9 0.0 19.426
-0.0 0.0 -0.9 0.0 19.437
-0.0 0.0 -0.9 0.0 19.448
-0.0 0.0 0.9 0.0 19.459
-0.0 0.0 -0.9 0.0 19.470
-0.0 0.0 1.8 0.0 19.481
-0.0 0.0 -0.9 0.0 19.492
-0.0 0.0 -0.0 0.0 19.503
-0.0 0.0 1.8 0.0 19.514
-0.0 0.0 -1.8 0.0 19.525
-0.0 0.0 0.9 0.0 19.536
-0.0 0.0 -0.0 0.0 19.547
-0.0 0.0 0.9 0.0 19.558
-0.0 0.0 -0.0 0.0 19.569
-0.0 0.0 0.9 0.0 19.580
-0.0 0.0 -1.8 0.0 19.591
-0.0 0.0 -0.9 0.0 19.602
-0.0 0.0 -0.0 0.0 19.613
-0.0 0.0 -1.8 0.0 19.624
-0.0 0.0 -1.8 0.0 19.635
-0.0 0.0 -1.8 0.0 19.646
-0.0 0.0 0.9 0.0 19.657
-0.0 0.0 -0.9 0.0 19.668
-0.0 0.0 -0.0 0.0 19.679
-0.0 0.0 -0.0 0.0 19.690
-0.0 0.0 -0.9 0.0 19.701
-0.0 0.0 0.9 0.0 19.712
-0.0 0.0 0.9 0.0 19.723
-0.0 0.0 0.9 0.0 19.734
-0.0 0.0 -0.9 0.0 19.745
-0.0 0.0 -1.8 0.0 19.756
-0.0 0.0 0.9 0.0 19.767
-0.0 0.0 0.9 0.0 19.778
-0.0 0.0 0.9 0.0 19.789
-0.0 0.0 -0.9 0.0 19.800
-0.0 0.0 -0.9 0.0 19.811
-0.0 0.0 -0.0 0.0 19.822
-0.0 0.0 -0.9 0.0 19.833
-0.0 0.0 -0.9 0.0 19.844
-0.0 0.0 0.9 0.0 19.855
-0.0 0.0 0.9 0.0 19.866
-0.0 0.0 -0.9 0.0 19.877
-0.0 0.0 1.8 0.0 19.888
-0.0 0.0 -0.9 0.0 19.899
-0.0 0.0 -0.0 0.0 19.910
-0.0 0.0 -0.0 0.0 19.921
-0.0 0.0 -0.0 0.0 19.932
-0.0 0.0 -0.0 0.0 19.943
-0.0 0.0 0.9 0.0 19.954
-0.0 0.0 -1.8 0.0 19.965
-0.0 0.0 -0.9 0.0 19.976
-0.0 0.0 -1.8 0.0 19.987
-0.0 0.0 -0.0 0.0 19.998
-0.0 10.0 -0.9 10.0 20.009
-0.0 10.0 -0.0 10.0 20.020
2.6 10.0 4.4 10.0 20.031
4.4 10.0 6.1 10.0 20.042
6.1 10.0 11.4 10.0 20.053
4.4 10.0 6.1 10.0 20.064
3.5 10.0 7.9 10.0 20.075
2.6 10.0 9.6 10.0 20.086
2.6 10.0 8.8 10.0 20.097
1.8 10.0 11.4 10.0 20.108
2.6 10.0 12.3 10.0 20.119
1.8 10.0 11.4 10.0 20.130
0.9 10.0 2.6 10.0 20.141
9.6 10.0 10.5 10.0 20.152
12.3 10.0 8.8 10.0 20.163
6.1 10.0 7.9 10.0 20.174
3.5 10.0 8.8 10.0 20.185
10.5 10.0 8.8 10.0 20.196
12.3 10.0 6.1 10.0 20.207
9.6 10.0 12.3 10.0 20.218
5.3 10.0 12.3 10.0 20.229
5.3 10.0 9.6 10.0 20.240
11.4 10.0 11.4 10.0 20.251
13.1 10.0 10.5 10.0 20.262
6.1 10.0 10.5 10.0 20.273
4.4 10.0 10.5 10.0 20.284
8.8 10.0 7.0 10.0 20.295
11.4 10.0 9.6 10.0 20.306
13.1 10.0 9.6 10.0 20.317
13.1 10.0 10.5 10.0 20.328
6.1 10.0 7.9 10.0 20.339
3.5 10.0 11.4 10.0 20.350
10.5 10.0 11.4 10.0 20.361
12.3 10.0 7.0 10.0 20.372
14.0 10.0 6.1 10.0 20.383
14.0 10.0 7.9 10.0 20.394
6.1 10.0 14.0 10.0 20.405
3.5 10.0 10.5 10.0 20.416
9.6 10.0 11.4 10.0 20.427
13.1 10.0 5.3 10.0 20.438
14.0 10.0 12.3 10.0 20.449
14.0 10.0 5.3 10.0 20.460
7.0 10.0 8.8 10.0 20.471
4.4 10.0 9.6 10.0 20.482
11.4 10.0 4.4 10.0 20.493
13.1 10.0 8.8 10.0 20.504
14.9 10.0 4.4 10.0 20.515
7.0 10.0 9.6 10.0 20.526
4.4 10.0 6.1 10.0 20.537
13.1 10.0 10.5 10.0 20.548
13.1 10.0 9.6 10.0 20.559
8.8 10.0 10.5 10.0 20.570
6.1 10.0 12.3 10.0 20.581
13.1 10.0 8.8 10.0 20.592
15.8 10.0 6.1 10.0 20.604
8.8 10.0 10.5 10.0 20.615
7.0 10.0 10.5 10.0 20.626
14.0 10.0 9.6 10.0 20.637
14.0 10.0 8.8 10.0 20.648
7.0 10.0 8.8 10.0 20.659
4.4 10.0 7.0 10.0 20.670
13.1 10.0 7.9 10.0 20.681
14.0 10.0 7.0 10.0 20.692
8.8 10.0 12.3 10.0 20.703
4.4 10.0 8.8 10.0 20.714
12.3 10.0 8.8 10.0 20.725
14.9 10.0 8.8 10.0 20.736
9.6 10.0 8.8 10.0 20.747
6.1 10.0 12.3 10.0 20.758
6.1 10.0 7.0 10.0 20.769
12.3 10.0 11.4 10.0 20.780
14.0 10.0 7.9 10.0 20.791
8.8 10.0 12.3 10.0 20.802
7.9 10.0 11.4 10.0 20.813
13.1 10.0 5.3 10.0 20.824
14.0 10.0 9.6 10.0 20.835
9.6 10.0 16.7 10.0 20.846
6.1 10.0 7.0 10.0 20.857
4.4 10.0 4.4 10.0 20.868
12.3 10.0 7.9 10.0 20.879
10.5 10.0 14.9 10.0 20.890
4.4 10.0 8.8 10.0 20.901
2.6 10.0 8.8 10.0 20.912
12.3 10.0 8.8 10.0 20.923
12.3 10.0 11.4 10.0 20.934
13.1 10.0 12.3 10.0 20.945
14.0 10.0 7.0 10.0 20.956
8.8 10.0 11.4 10.0 20.967
6.1 10.0 7.0 10.0 20.978
13.1 10.0 4.4 10.0 20.989
14.0 10.0 8.8 10.0 21.000
7.0 50.0 12.3 50.0 21.011
4.4 50.0 12.3 50.0 21.022
38.6 50.0 46.5 50.0 21.033
49.1 50.0 62.2 50.0 21.044
46.5 50.0 54.3 50.0 21.055
47.3 50.0 34.2 50.0 21.066
45.6 50.0 37.7 50.0 21.077
46.5 50.0 43.8 50.0 21.088
46.5 50.0 46.5 50.0 21.099
45.6 50.0 49.1 50.0 21.110
45.6 50.0 50.0 50.0 21.121
48.2 50.0 48.2 50.0 21.132
52.6 50.0 48.2 50.0 21.143
50.0 50.0 50.8 50.0 21.154
47.3 50.0 50.8 50.0 21.165
46.5 50.0 41.2 50.0 21.176
46.5 50.0 39.4 50.0 21.187
53.5 50.0 47.3 50.0 21.198
57.0 50.0 56.1 50.0 21.209
52.6 50.0 49.1 50.0 21.220
48.2 50.0 43.0 50.0 21.231
47.3 50.0 51.7 50.0 21.242
46.5 50.0 49.1 50.0 21.253
47.3 50.0 50.0 50.0 21.264
53.5 50.0 51.7 50.0 21.275
55.2 50.0 49.1 50.0 21.286
48.2 50.0 51.7 50.0 21.297
46.5 50.0 49.1 50.0 21.308
47.3 50.0 49.1 50.0 21.319
53.5 50.0 47.3 50.0 21.330
55.2 50.0 49.1 50.0 21.341
49.1 50.0 48.2 50.0 21.352
49.1 50.0 48.2 50.0 21.363
46.5 50.0 48.2 50.0 21.374
44.7 50.0 53.5 50.0 21.385
52.6 50.0 50.0 50.0 21.396
57.0 50.0 50.8 50.0 21.407
50.